# Camera list with one line of data per camera:
#   CAMERA_ID, MODEL, WIDTH, HEIGHT, PARAMS[]
# Number of cameras: 10
1 SIMPLE_RADIAL 1280 1927 1290.0796965325294 640 963.5 7.9297542348513033e-05
2 SIMPLE_RADIAL 1280 855 917.30698955465618 640 427.5 -0.0018603175680852201
3 SIMPLE_RADIAL 1280 960 954.01362924330522 640 480 -0.041472999372655472
4 SIMPLE_RADIAL 1280 1707 1913.9366245536771 640 853.5 0.025200262025445348
5 SIMPLE_RADIAL 1280 2276 1585.697952255455 640 1138 0.11789104104584341
6 SIMPLE_RADIAL 1280 2276 1835.3490890165608 640 1138 0.046532121099662774
7 SIMPLE_RADIAL 1280 2276 1797.4111262158256 640 1138 0.045890809662117615
8 SIMPLE_RADIAL 1280 720 1033.4499707649923 640 360 0.041885675859616972
9 SIMPLE_RADIAL 1280 2276 1762.4031247270414 640 1138 0.055847829602451625
10 SIMPLE_RADIAL 1280 960 1007.6866286619363 640 480 0.065560936103105469
