# Frame list with one line of data per frame:
#   FRAME_ID, RIG_ID, RIG_FROM_WORLD[QW, QX, QY, QZ, TX, TY, TZ], NUM_DATA_IDS, DATA_IDS[] as (SENSOR_TYPE, SENSOR_ID, DATA_ID)
# Number of frames: 10
1 1 0.97494485505316975 -0.17938706820022451 -0.1158693857992176 0.062266321574299052 1.4711773189533124 -1.7746470349556103 -2.3717619733861555 1 CAMERA 1 1
2 2 0.99478949737542077 -0.040983834845291674 0.090754411037698671 -0.021859050073874297 0.33327682881156279 0.56956867444763182 1.8550351226715593 1 CAMERA 2 2
3 3 0.9893066643594709 -0.056407338301028863 0.12924228023179407 -0.037242033244934865 -3.3710255978303376 0.21131499631809053 0.58142467690904531 1 CAMERA 3 3
4 4 0.98264556910525469 0.0053369233960480498 -0.17789567859695582 0.052271696959285602 2.4626418857966703 1.5258475456945386 4.2604465788145998 1 CAMERA 4 4
5 5 0.98566652341794003 0.02712314502590429 -0.16209666777063458 0.038085560449490026 2.4351375615391775 1.141847535650395 3.9113154455701609 1 CAMERA 5 5
6 6 0.99725718736559599 -0.044795746125484863 0.057261357989093188 0.013877328920467094 -1.3412533488444205 -0.095771724621167592 0.51507399051843095 1 CAMERA 6 6
7 7 0.99331436723314137 0.020298434447711865 0.1121282293398128 -0.018487876901216359 -3.1604076616706331 0.17799797173412338 1.1001707576130371 1 CAMERA 7 7
8 8 0.99275085164913635 -0.10724359307153151 0.0050124895414285602 0.054031779941246201 -1.3538886040433533 -0.17846194395227707 0.36245679883968329 1 CAMERA 8 8
9 9 0.98727017998127498 -0.09048587687483664 -0.11829807876502618 0.055816327059709694 1.3432851458148307 -0.88941594380795386 -1.774118428735201 1 CAMERA 9 9
10 10 0.97293549884028596 -0.19512238448544722 -0.10702702549333397 0.06220117348705205 1.3726478791985954 -2.0565134769816127 -2.4823684551359677 1 CAMERA 10 10
