# Camera list with one line of data per camera:
#   CAMERA_ID, MODEL, WIDTH, HEIGHT, PARAMS[]
# Number of cameras: 12
1 SIMPLE_RADIAL 640 480 1899.1957287297034 320 240 -0.12579489256847698
2 SIMPLE_RADIAL 640 480 1898.8625296566324 320 240 -0.14444733540836097
3 SIMPLE_RADIAL 640 480 1900.3368202603824 320 240 -0.18311750362666873
4 SIMPLE_RADIAL 640 480 1896.6979648585441 320 240 -0.14736034022890651
5 SIMPLE_RADIAL 640 480 1897.7766928130602 320 240 -0.14118341099784534
6 SIMPLE_RADIAL 640 480 1892.5392248172973 320 240 -0.1046247860038003
7 SIMPLE_RADIAL 640 480 1899.8777937839156 320 240 -0.12657730959103397
8 SIMPLE_RADIAL 640 480 1895.0452101641997 320 240 -0.053886717914342748
9 SIMPLE_RADIAL 640 480 1895.0791173455002 320 240 -0.080519733979883101
10 SIMPLE_RADIAL 640 480 1897.0793942360688 320 240 -0.073453160423086195
11 SIMPLE_RADIAL 640 480 1895.556004630196 320 240 -0.140079446111952
12 SIMPLE_RADIAL 640 480 1894.4854513183975 320 240 -0.1141915677252517
