# Frame list with one line of data per frame:
#   FRAME_ID, RIG_ID, RIG_FROM_WORLD[QW, QX, QY, QZ, TX, TY, TZ], NUM_DATA_IDS, DATA_IDS[] as (SENSOR_TYPE, SENSOR_ID, DATA_ID)
# Number of frames: 12
1 1 0.99998612042965396 -0.00026261532686999375 0.0052496152868786354 0.00036265766177500606 6.106703926954494 -0.0021517835437057193 0.11838283086554259 1 CAMERA 1 1
2 2 0.99999097910889223 -0.00038873401023506915 0.0042150624331420026 0.00035190253372207589 5.0064687558708885 -0.1628393602357246 0.049394621904110189 1 CAMERA 2 2
3 3 0.99999473523480586 -0.00044908807447547922 0.0031837929155992648 0.00043736168391439516 3.8717832266546957 0.031936971861882109 0.12216016612942919 1 CAMERA 3 3
4 4 0.99999758682867279 -2.4280635254891944e-06 0.0021606950078297215 0.00039714986952699708 2.7665356319112249 -0.0028568037479865297 -0.087717723761638264 1 CAMERA 4 4
5 5 0.99999933315121781 -0.00032150862092926924 0.0010335291560056251 0.0004026745712085838 1.6843584084436594 0.10248656328258841 0.042929281572645667 1 CAMERA 5 5
6 6 0.99999990337008737 -0.0002331455803962918 6.7706764985178288e-06 0.00037263536102860676 0.57201560227563708 -0.082508364867432585 -0.3401373683834592 1 CAMERA 6 6
7 7 0.99999941427166239 -0.00058964893737563134 -0.00081825177056824635 0.00039272700813347951 -0.58046910731291257 -0.020629630602330959 0.21740141674936619 1 CAMERA 7 7
8 8 0.99999817646281208 -0.00020274556128175602 -0.001855087220405465 0.00040572982734047664 -1.6867053641356311 -0.10524641853635726 -0.076950599055921887 1 CAMERA 8 8
9 9 0.99999541866731734 -0.00035109125346454974 -0.002976949385664771 0.00042089388659027503 -2.7716998103512229 0.061253117273507164 -0.094046435979730086 1 CAMERA 9 9
10 10 0.99999192701286788 8.86971561823673e-05 -0.0039941093620415652 0.00043027004282199667 -3.8756310378790997 0.025534279606691697 0.057335278419002572 1 CAMERA 10 10
11 11 0.99998674993623415 -0.0001477419849131254 -0.0051278903952821503 0.0004276264342977176 -4.9838596628732077 0.15872468326186526 -0.20165925385093311 1 CAMERA 11 11
12 12 0.99998073768113327 -0.00029225265110832959 -0.0061819230069013065 0.00047189301906042373 -6.0760486336946755 -0.0091555948785995989 -0.25621473805031458 1 CAMERA 12 12
