# 3D point list with one line of data per point:
#   POINT3D_ID, X, Y, Z, R, G, B, ERROR, TRACK[] as (IMAGE_ID, POINT2D_IDX)
# Number of points: 477, mean track length: 10.656184486373165
1 -2.5930445373841895 -13.762322259459708 154.75088710519924 0 0 0 0.34833534922532366 11 0 4 0 2 0 5 0 3 0 8 0 6 0 7 0 10 0 1 0 9 0 12 0
2 1.9078314421186264 -15.129711470337059 171.87771637451183 0 0 0 0.27241953136435076 11 1 4 1 2 3 5 1 3 1 8 3 6 1 7 1 10 1 1 1 9 1 12 1
3 -9.5962794530903555 -10.857526582141572 123.806384809082 0 0 0 0.22679947506541787 11 3 4 2 2 1 5 3 3 2 8 1 6 2 7 2 10 2 1 2 9 2 12 2
4 -9.5962794530903555 -10.857526582141572 123.806384809082 0 0 0 0.22679947506541787 11 4 4 3 2 2 5 4 3 3 8 2 6 3 7 3 10 3 1 3 9 3 12 3
5 -10.085209383071039 -10.790646387905801 123.79734431893461 0 0 0 0.22578249935205327 11 5 4 5 2 4 5 5 3 5 8 4 6 5 7 5 10 5 1 5 9 5 12 5
6 2.5954887198215779 -14.848408631780647 171.88510491937333 0 0 0 0.27247445631002204 11 6 4 6 2 6 5 6 3 6 8 6 6 6 7 6 10 6 1 6 9 6 12 6
7 11.841273055205455 -9.0632994602898549 108.09281015204061 0 0 0 0.29005994918370609 11 11 4 9 2 9 5 11 3 11 8 9 6 9 7 9 10 9 9 11 12 7
8 11.841273055205455 -9.0632994602898549 108.09281015204061 0 0 0 0.29005994918370609 11 12 4 10 2 10 5 12 3 12 8 10 6 10 7 10 10 10 9 12 12 8
9 -10.134836132243386 -10.113903336027422 123.80959275398769 0 0 0 0.22540881092281251 11 14 4 14 2 15 5 14 3 14 8 13 6 14 7 14 10 14 1 12 9 14 12 12
10 11.770138852807181 -8.8214621216995397 108.10878345801638 0 0 0 0.29049852908610113 11 15 4 15 2 17 5 15 3 15 8 15 6 15 7 15 10 15 9 15 12 13
11 11.770138852807181 -8.8214621216995397 108.10878345801638 0 0 0 0.29049852908610113 11 16 4 16 2 18 5 16 3 16 8 16 6 16 7 16 10 16 9 16 12 14
12 -6.1608799659250479 -11.096612100356223 138.18088990268467 0 0 0 0.35883781398889097 11 18 4 17 2 19 5 18 3 17 8 17 6 17 7 17 10 17 1 13 9 17 12 15
13 -2.9081575227133323 -12.445210377257659 154.78514858142356 0 0 0 0.34873933283540187 11 19 4 18 2 20 5 19 3 18 8 18 6 18 7 18 10 18 1 14 9 18 12 16
14 -2.9081575227133323 -12.445210377257659 154.78514858142356 0 0 0 0.34873933283540187 11 20 4 19 2 21 5 20 3 19 8 19 6 19 7 19 10 19 1 15 9 19 12 17
15 3.1584116604565406 -13.836782540591203 171.91597344052977 0 0 0 0.27197020405668393 11 17 4 20 2 22 5 17 3 20 8 20 6 20 7 20 10 20 1 16 9 20 12 18
16 -2.4713036962387704 -10.215639701951027 171.99109335439852 0 0 0 0.2629058575909054 11 21 4 21 2 24 5 21 3 21 8 22 6 21 7 21 10 21 1 17 9 21 12 19
17 -2.4713036962387704 -10.215639701951027 171.99109335439852 0 0 0 0.2629058575909054 11 22 4 22 2 25 5 22 3 22 8 23 6 22 7 22 10 22 1 18 9 22 12 20
18 -11.304489018682931 -8.1554883266720211 138.13864278029129 0 0 0 0.34811424068766206 11 23 4 23 2 23 5 23 3 23 8 21 6 23 7 23 10 23 1 19 9 23 12 21
19 -8.0896928885404265 -9.0537176603555114 154.79083499530802 0 0 0 0.34905109991907879 11 24 4 24 2 26 5 24 3 24 8 24 6 24 7 24 10 24 1 20 9 24 12 22
20 -3.3647054985022642 -9.8632944411455998 171.98831382671415 0 0 0 0.26163363155662861 11 25 4 25 2 27 5 25 3 25 8 25 6 25 7 25 10 25 1 21 9 25 12 23
21 -3.3647054985022642 -9.8632944411455998 171.98831382671415 0 0 0 0.26163363155662861 11 26 4 26 2 28 5 26 3 26 8 26 6 26 7 26 10 26 1 22 9 26 12 24
22 8.2839040309058127 -6.103217474558007 108.4288005898788 0 0 0 0.28881726127271318 11 31 4 27 2 29 5 31 3 31 8 27 6 27 7 27 10 27 1 23 9 31 12 25
23 8.8951072347414293 -6.1008092750287446 108.39459268737798 0 0 0 0.28808582190017273 11 32 4 28 2 30 5 32 3 32 8 28 6 28 7 28 10 28 1 24 9 32 12 26
24 -3.0910952131923195 -9.596179883634159 171.99675962210597 0 0 0 0.26157222763490179 11 27 4 29 2 33 5 27 3 27 8 31 6 29 7 29 10 29 1 25 9 27 12 27
25 -3.0910952131923195 -9.596179883634159 171.99675962210597 0 0 0 0.26157222763490179 11 28 4 30 2 34 5 28 3 28 8 32 6 30 7 30 10 30 1 26 9 28 12 28
26 -13.809611779071151 -6.8153176240942095 123.84519012374891 0 0 0 0.22778483735947636 11 33 4 33 2 31 5 33 3 33 8 29 6 33 7 33 10 33 1 29 9 33
27 -13.809611779071151 -6.8153176240942095 123.84519012374891 0 0 0 0.22778483735947636 11 34 4 34 2 32 5 34 3 34 8 30 6 34 7 34 10 34 1 30 9 34
28 -2.5105993948923913 -9.192907597572713 172.01109620693396 0 0 0 0.26177651536649532 11 35 4 35 2 37 5 35 3 35 8 35 6 35 7 35 10 35 1 31 9 35 12 29
29 -10.852474399991884 -7.1571171301013363 138.16247434124861 0 0 0 0.35482305455364366 11 38 4 38 2 40 5 38 3 38 8 38 6 38 7 38 10 38 1 34 9 38 12 32
30 -10.852474399991884 -7.1571171301013363 138.16247434124861 0 0 0 0.35482305455364366 11 39 4 39 2 41 5 39 3 39 8 39 6 39 7 39 10 39 1 35 9 39 12 33
31 12.938652420648614 -6.2971320163783542 123.56963223252572 0 0 0 0.26378021889738751 11 40 4 40 2 42 5 40 3 40 8 40 6 40 7 40 10 40 1 36 9 40 12 34
32 12.938652420648614 -6.2971320163783542 123.56963223252572 0 0 0 0.26378021889738751 11 41 4 41 2 43 5 41 3 41 8 41 6 41 7 41 10 41 1 37 9 41 12 35
33 -15.734158889651797 -4.0501902533315022 137.97817657665854 0 0 0 0.33688304069882746 11 42 4 42 2 44 5 42 3 42 8 42 6 42 7 42 10 42 1 38 9 42
34 -15.734158889651797 -4.0501902533315022 137.97817657665854 0 0 0 0.33688304069882746 11 43 4 43 2 45 5 43 3 43 8 43 6 43 7 43 10 43 1 39 9 43
35 -14.921052751301206 -4.0442147070038619 138.09036290345412 0 0 0 0.33609418423301363 11 44 4 44 2 46 5 44 3 44 8 44 6 44 7 44 10 44 1 40 9 44 12 36
36 -14.921052751301206 -4.0442147070038619 138.09036290345412 0 0 0 0.33609418423301363 11 45 4 45 2 47 5 45 3 45 8 45 6 45 7 45 10 45 1 41 9 45 12 37
37 -12.500997274208515 -4.4593508810941271 154.75546403124429 0 0 0 0.35330095203396489 11 46 4 46 2 48 5 46 3 46 8 46 6 46 7 46 10 46 1 42 9 46 12 38
38 -7.664572663290925 -4.8240632686397911 171.99273369097835 0 0 0 0.25318098217074986 11 47 4 47 2 49 5 47 3 47 8 47 6 47 7 47 10 47 1 43 9 47 12 39
39 -15.84484862887652 -3.6699605139329203 137.97742770960949 0 0 0 0.33704903734991193 11 49 4 49 2 51 5 49 3 48 8 49 6 49 7 49 10 49 1 45 9 48
40 15.616866705200124 -3.6806584555542869 137.75015977863288 0 0 0 0.39322895566633381 11 50 4 50 2 52 5 50 3 50 8 50 6 50 7 50 10 50 9 50 12 41
41 -12.938399483061188 -3.9774243942023904 154.74906381755525 0 0 0 0.35405236134308565 11 52 4 51 2 53 5 52 3 51 8 51 6 52 7 51 10 51 1 46 9 51 12 42
42 -7.6837322397049714 -4.4179199319220013 171.99621574495529 0 0 0 0.25286280170665215 11 51 4 52 2 55 5 51 3 52 8 53 6 53 7 52 10 52 1 47 9 52 12 43
43 5.2767453717917858 -2.8148387625905538 108.61490037930646 0 0 0 0.29922331929362361 11 53 4 53 2 54 5 53 3 53 8 52 6 51 7 53 10 53 1 48 9 53 12 44
44 9.2962292654884493 -3.1177121332638817 123.8430645515736 0 0 0 0.25993893354318343 11 54 4 54 2 56 5 54 3 54 8 54 6 54 7 54 10 54 1 49 9 54 12 45
45 9.2962292654884493 -3.1177121332638817 123.8430645515736 0 0 0 0.25993893354318343 11 55 4 55 2 57 5 55 3 55 8 55 6 55 7 55 10 55 1 50 9 55 12 46
46 15.625998202176095 -3.4830460218197441 137.75255652108575 0 0 0 0.39285538040782286 11 57 4 56 2 58 5 57 3 56 8 56 6 58 7 56 10 56 9 56 12 47
47 5.103285421083263 -2.6529510700126311 108.62220966746952 0 0 0 0.29967871766542303 11 58 4 58 2 59 5 58 3 59 8 57 6 56 7 58 10 58 1 52 9 59 12 49
48 5.103285421083263 -2.6529510700126311 108.62220966746952 0 0 0 0.29967871766542303 11 59 4 59 2 60 5 59 3 60 8 58 6 57 7 59 10 59 1 53 9 60 12 50
49 -13.180835137512421 -3.7633991342645503 154.74493921174852 0 0 0 0.35444727666028059 11 60 4 60 2 61 5 60 3 58 8 59 6 60 7 60 10 60 1 54 9 58 12 51
50 -16.033548541289072 -3.1265160050393872 137.97543001558728 0 0 0 0.33684635630516052 11 61 4 61 2 63 5 61 3 61 8 61 6 61 7 61 10 61 1 55 9 61
51 -13.693770518725319 -0.32363284433406975 171.89068947809159 0 0 0 0.25390944222251538 11 64 4 64 2 67 5 64 3 64 8 65 6 65 7 64 10 64 1 58 9 64 12 53
52 1.5549129687945611 -0.22235350648588359 108.71240662051579 0 0 0 0.30397069097538942 11 66 4 65 2 66 5 66 3 66 8 64 6 64 7 65 10 65 1 59 9 66 12 54
53 -14.236131701163993 -0.23799091831973337 171.87888072631779 0 0 0 0.25498840774377546 11 65 4 66 2 68 5 65 3 65 8 66 6 66 7 66 10 66 1 60 9 65 12 55
54 10.356346702791145 0.0086297036866358513 138.2004246379054 0 0 0 0.35492207036078954 11 67 4 67 2 69 5 67 3 67 8 67 6 67 7 67 10 67 1 61 9 67 12 56
55 16.905262251601304 0.093563262413584133 154.55733666779034 0 0 0 0.35156261579565817 11 70 4 70 2 71 5 70 3 69 8 69 6 70 7 70 10 70 1 64 9 69 12 59
56 16.905262251601304 0.093563262413584133 154.55733666779034 0 0 0 0.35156261579565817 11 71 4 71 2 72 5 71 3 70 8 70 6 71 7 71 10 71 1 65 9 70 12 60
57 5.3202495350858889 0.20907731197751536 124.0041393103008 0 0 0 0.2535983609849311 11 72 4 72 2 74 5 72 3 72 8 72 6 72 7 72 10 72 1 66 9 72 12 61
58 5.4790453686112226 0.33281859322531054 124.00045166033293 0 0 0 0.25361052753828001 11 73 4 73 2 75 5 73 3 73 8 73 6 73 7 73 10 73 1 67 9 73 12 62
59 5.4790453686112226 0.33281859322531054 124.00045166033293 0 0 0 0.25361052753828001 11 74 4 74 2 76 5 74 3 74 8 74 6 74 7 74 10 74 1 68 9 74 12 63
60 -13.595203401186836 0.64052517127100106 171.89474702722652 0 0 0 0.25344231058366795 11 75 4 75 2 77 5 75 3 75 8 75 6 75 7 75 10 75 1 69 9 75 12 64
61 10.857431574901812 0.61524861031026268 138.17964678817381 0 0 0 0.35552883889171838 11 76 4 76 2 78 5 76 3 76 8 76 6 76 7 76 10 76 1 70 9 76 12 65
62 10.857431574901812 0.61524861031026268 138.17964678817381 0 0 0 0.35552883889171838 11 77 4 77 2 79 5 77 3 77 8 77 6 77 7 77 10 77 1 71 9 77 12 66
63 5.4969159484397698 0.64420883715429722 124.0002276016649 0 0 0 0.25331845553001925 11 78 4 78 2 80 5 78 3 78 8 78 6 78 7 78 10 78 1 72 9 78 12 67
64 5.4969159484397698 0.64420883715429722 124.0002276016649 0 0 0 0.25331845553001925 11 79 4 79 2 81 5 79 3 79 8 79 6 79 7 79 10 79 1 73 9 79 12 68
65 5.1968272137590796 0.74021449193712208 124.00745565282639 0 0 0 0.2529579620935492 11 82 4 81 2 83 5 81 3 80 8 81 6 81 7 81 10 81 1 75 9 80 12 69
66 5.7775577828513409 0.78892405846127633 123.99306532452326 0 0 0 0.25342069845674609 11 85 4 82 2 84 5 84 3 81 8 82 6 82 7 82 10 82 1 76 9 81 12 70
67 -1.4281348233465971 2.9593693026660843 108.71850325305859 0 0 0 0.30639712580917822 11 87 4 86 2 87 5 86 3 86 8 85 6 85 7 86 10 86 1 80 9 86 12 74
68 11.777429613834137 4.3298961342864244 154.80615366296146 0 0 0 0.34919896589873245 11 89 4 87 2 89 5 88 3 87 8 87 6 87 7 87 10 87 1 81 9 87 12 75
69 19.552987391572653 4.7982394620279578 171.67929476051981 0 0 0 0.25977989836145549 11 88 4 88 2 90 5 87 3 88 8 88 6 88 7 88 10 88 1 82 9 88 12 76
70 19.088590204705405 4.8642782966722029 171.708513181397 0 0 0 0.26209286924078667 11 90 4 89 2 91 5 89 3 89 8 89 6 89 7 89 10 89 1 83 9 89 12 77
71 6.9073015732803977 4.0488966017157155 138.30054714161571 0 0 0 0.35407374544787656 11 93 4 92 2 92 5 92 3 92 8 90 6 92 7 92 10 92 1 86 9 92 12 80
72 6.9073015732803977 4.0488966017157155 138.30054714161571 0 0 0 0.35407374544787656 11 94 4 93 2 93 5 93 3 93 8 91 6 93 7 93 10 93 1 87 9 93 12 81
73 12.580989539154215 4.7443087270972031 154.76920354653763 0 0 0 0.34899568654917995 11 95 4 94 2 96 5 94 3 94 8 94 6 94 7 94 10 94 1 88 9 94 12 82
74 18.33938010556626 5.6008944329573218 171.74514578235716 0 0 0 0.26441910612133213 11 96 4 95 2 97 5 95 3 95 8 95 6 95 7 95 10 95 1 89 9 95 12 83
75 18.784209412164259 5.638766365135905 171.71761126810893 0 0 0 0.2621903173430527 11 97 4 96 2 98 5 96 3 96 8 96 6 96 7 96 10 96 1 90 9 96 12 84
76 -1.4599466978136815 3.6940750493328629 108.71320765246269 0 0 0 0.30714470471717814 11 100 4 97 2 99 5 99 3 99 8 97 6 97 7 97 10 97 1 91 9 99 12 85
77 -1.4599466978136815 3.6940750493328629 108.71320765246269 0 0 0 0.30714470471717814 11 101 4 98 2 100 5 100 3 100 8 98 6 98 7 98 10 98 1 92 9 100 12 86
78 12.711237862537882 5.3329205281868415 154.75651138135689 0 0 0 0.34891076696821449 11 102 4 101 2 101 5 101 3 101 8 99 6 101 7 101 10 101 1 95 9 101 12 87
79 -1.6507032254194851 3.8672247837943692 108.71124433130461 0 0 0 0.30725787449859299 11 104 4 102 2 104 5 103 3 105 8 102 6 102 7 102 10 102 1 96 9 105 12 88
80 1.2271824515507646 4.4370705065855818 124.04515757918045 0 0 0 0.24588600034013428 11 105 4 104 2 105 5 104 3 103 8 103 6 104 7 104 10 104 1 98 9 103 12 90
81 1.2271824515507646 4.4370705065855818 124.04515757918045 0 0 0 0.24588600034013428 11 106 4 105 2 106 5 105 3 104 8 104 6 105 7 105 10 105 1 99 9 104 12 91
82 -5.2192555788484576 6.4645533718188979 108.64710531447005 0 0 0 0.31029766125506503 11 111 4 109 2 111 5 109 3 109 8 109 6 109 7 109 10 109 1 103 9 109 12 94
83 -5.2192555788484576 6.4645533718188979 108.64710531447005 0 0 0 0.31029766125506503 11 112 4 110 2 112 5 110 3 110 8 110 6 110 7 110 10 110 1 104 9 110 12 95
84 -2.697271965607559 7.4891658587572136 124.00236370069329 0 0 0 0.23972098622347648 11 115 4 111 2 113 5 113 3 111 8 111 6 111 7 111 10 111 1 105 9 111 12 96
85 -2.697271965607559 7.4891658587572136 124.00236370069329 0 0 0 0.23972098622347648 11 116 4 112 2 114 5 114 3 112 8 112 6 112 7 112 10 112 1 106 9 112 12 97
86 -1.7903853242799186 7.4780182547170853 124.00772864411951 0 0 0 0.24097158831254226 11 117 4 113 2 115 5 115 3 113 8 113 6 113 7 113 10 113 1 107 9 113 12 98
87 1.917590749758646 8.4081337252255004 138.3148297321803 0 0 0 0.36515053482740312 11 118 4 114 2 116 5 116 3 114 8 114 6 114 7 114 10 114 1 108 9 114 12 99
88 13.489451994841415 10.424526472413522 171.88305259225265 0 0 0 0.2705951299899067 11 113 4 115 2 117 5 111 3 115 8 115 6 115 7 115 10 115 1 109 9 115 12 100
89 13.489451994841415 10.424526472413522 171.88305259225265 0 0 0 0.2705951299899067 11 114 4 116 2 118 5 112 3 116 8 116 6 116 7 116 10 116 1 110 9 116 12 101
90 14.019123227843387 10.752676636015542 171.8538049738774 0 0 0 0.26821979545627445 11 121 4 119 2 121 5 119 3 119 8 119 6 119 7 119 10 119 1 113 9 119 12 104
91 14.019123227843387 10.752676636015542 171.8538049738774 0 0 0 0.26821979545627445 11 122 4 120 2 122 5 120 3 120 8 120 6 120 7 120 10 120 1 114 9 120 12 105
92 -1.5833716396766822 8.0360807138647168 123.99919478361575 0 0 0 0.24119326652505993 11 124 4 123 2 125 5 123 3 123 8 123 6 123 7 123 10 123 1 117 9 123 12 107
93 -1.5833716396766822 8.0360807138647168 123.99919478361575 0 0 0 0.24119326652505993 11 125 4 124 2 126 5 124 3 124 8 124 6 124 7 124 10 124 1 118 9 124 12 108
94 -8.5789390351201469 9.3577397007837106 108.53340376907997 0 0 0 0.32316536171545157 11 128 4 127 2 129 5 127 3 127 8 127 6 127 7 127 10 127 1 121 9 127 12 110
95 -8.5789390351201469 9.3577397007837106 108.53340376907997 0 0 0 0.32316536171545157 11 129 4 128 2 130 5 128 3 128 8 128 6 128 7 128 10 128 1 122 9 128 12 111
96 1.7429265162895802 13.682063655915037 154.81730195823994 0 0 0 0.35781063848960976 11 135 4 130 2 132 5 134 3 130 8 130 6 130 7 130 10 130 1 124 9 130 12 113
97 -1.9989764717347331 12.280477112564309 138.23453048079213 0 0 0 0.37224696053354972 11 136 4 135 2 133 5 135 3 135 8 131 6 135 7 135 10 135 1 129 9 135 12 116
98 -1.9989764717347331 12.280477112564309 138.23453048079213 0 0 0 0.37224696053354972 11 137 4 136 2 134 5 136 3 136 8 132 6 136 7 136 10 136 1 130 9 136 12 117
99 -3.020581559029281 12.356254178360729 138.2275846742308 0 0 0 0.37285310621368889 11 138 4 137 2 139 5 137 3 137 8 137 6 137 7 137 10 137 1 131 9 137 12 118
100 -6.4515801770685366 11.21952178679228 123.88997314198055 0 0 0 0.23666116972900753 11 139 4 138 2 140 5 138 3 138 8 138 6 138 7 138 10 138 1 132 9 138 12 119
101 -2.8112431507468427 12.64200807449433 138.22186196586543 0 0 0 0.37270894486910877 11 140 4 139 2 141 5 139 3 139 8 139 6 139 7 139 10 139 1 133 9 139 12 120
102 -2.8112431507468427 12.64200807449433 138.22186196586543 0 0 0 0.37270894486910877 11 141 4 140 2 142 5 140 3 140 8 140 6 140 7 140 10 140 1 134 9 140 12 121
103 -6.2781427109654118 11.648813382245519 123.88322990326367 0 0 0 0.23730990801471943 11 143 4 141 2 143 5 141 3 141 8 141 6 141 7 141 10 141 1 135 9 141 12 123
104 -2.6118640493780334 12.996025633958455 138.21391727588298 0 0 0 0.37261226094098326 11 144 4 142 2 144 5 142 3 142 8 142 6 142 7 142 10 142 1 136 9 142 12 124
105 -6.5763831787235318 -12.524274088380164 138.14133680759667 0 0 0 0.35201428103462168 11 145 4 143 2 145 5 143 3 143 8 143 6 144 7 143 10 143 1 137 9 143 12 125
106 11.814075664542488 -9.8297466263764939 108.0631026127629 0 0 0 0.28861220966180595 11 146 4 144 2 146 5 144 3 144 8 144 6 143 7 144 10 144 9 144 12 126
107 -5.9459853735737322 -11.702667643928113 138.16954783919408 0 0 0 0.35728119551811161 11 147 4 147 2 149 5 147 3 147 8 147 6 147 7 147 10 147 1 140 9 147 12 127
108 -10.46371630552707 -9.7340030675669293 123.80918319966672 0 0 0 0.22459379967729198 11 150 4 151 2 153 5 151 3 151 8 151 6 151 7 151 10 151 1 143 9 151 12 130
109 -6.839289189786828 -10.865054578383402 138.17637027220891 0 0 0 0.35766280559534064 11 151 4 152 2 154 5 152 3 152 8 152 6 152 7 152 10 152 1 144 9 152 12 131
110 -2.1547498483237222 -12.160250652965889 154.79740448840533 0 0 0 0.34906372970288974 11 152 4 153 2 155 5 153 3 153 8 153 6 153 7 153 10 153 1 145 9 153 12 132
111 -11.254145469765465 -8.5124695798845629 138.13461662102006 0 0 0 0.34685942585616442 11 153 4 154 2 156 5 154 3 154 8 154 6 154 7 154 10 154 1 146 9 154 12 133
112 13.271605582923227 -7.4570081848235681 123.56834793472748 0 0 0 0.27184241532561204 11 154 4 155 2 157 5 155 3 155 8 155 6 155 7 155 10 155 9 155 12 134
113 13.302313639608597 -6.3540869690572501 123.59825358888985 0 0 0 0.26933323292788974 11 157 4 156 2 158 5 156 3 156 8 156 6 156 7 156 10 156 9 156 12 135
114 -7.7628316761259217 -7.6601099185144257 154.81830642667563 0 0 0 0.34958208662493373 11 158 4 157 2 159 5 157 3 157 8 157 6 157 7 157 10 157 1 148 9 157 12 136
115 4.865431211526845 -3.103563830833389 108.62441383808211 0 0 0 0.29890545157208365 11 163 4 160 2 162 5 160 3 160 8 160 6 160 7 160 10 160 1 151 9 160 12 138
116 -12.724282667299295 -4.2068384109679462 154.75231230090239 0 0 0 0.35368258798787516 11 164 4 161 2 163 5 161 3 161 8 161 6 161 7 161 10 161 1 152 9 161 12 139
117 9.2676828210045574 -3.2636181869128276 123.84255524163385 0 0 0 0.26011826445329084 11 165 4 162 2 164 5 162 3 162 8 162 6 162 7 162 10 162 1 153 9 162 12 140
118 -8.9654414661888691 -3.5166289065700855 171.97794926364816 0 0 0 0.2518660029591217 11 166 4 163 2 165 5 163 3 163 8 163 6 163 7 163 10 163 1 154 9 163 12 141
119 6.0326924378122069 -0.46828382989702066 123.98407782062772 0 0 0 0.25492431157432716 11 167 4 164 2 166 5 164 3 164 8 164 6 164 7 164 10 164 1 155 9 164 12 142
120 -12.828534854295862 0.076874723853347732 171.91084752004883 0 0 0 0.25238227012977127 11 168 4 165 2 167 5 165 3 165 8 165 6 165 7 165 10 165 1 156 9 165 12 144
121 10.231277046128598 0.19386442289691902 138.20598338212679 0 0 0 0.3546278437567647 11 171 4 166 2 168 5 166 3 166 8 166 6 166 7 166 10 166 1 157 9 166 12 145
122 10.231277046128598 0.19386442289691902 138.20598338212679 0 0 0 0.3546278437567647 11 172 4 167 2 169 5 167 3 167 8 167 6 167 7 167 10 167 1 158 9 167 12 146
123 11.56895710226588 0.28986334597931113 138.14616961021292 0 0 0 0.35735581621698476 11 173 4 168 2 170 5 168 3 168 8 168 6 168 7 168 10 168 1 159 9 168 12 147
124 17.577591006856473 0.44846642064986636 154.51223150918537 0 0 0 0.35233928050414698 11 174 4 169 2 171 5 169 3 169 8 169 6 169 7 169 10 169 1 160 9 169 12 148
125 11.103324555591554 4.3357121855454066 154.83102743759483 0 0 0 0.34935577055941214 11 175 4 170 2 172 5 170 3 170 8 170 6 170 7 170 10 170 1 161 9 170 12 149
126 19.034563149353176 5.1895679613911563 171.70795352262445 0 0 0 0.26178215968213703 11 176 4 171 2 173 5 171 3 171 8 171 6 171 7 171 10 171 1 162 9 171 12 150
127 19.034563149353176 5.1895679613911563 171.70795352262445 0 0 0 0.26178215968213703 11 177 4 172 2 174 5 172 3 172 8 172 6 172 7 172 10 172 1 163 9 172 12 151
128 2.0885611374058444 7.7503911880434835 138.32531640781926 0 0 0 0.36440963598972381 11 179 4 175 2 176 5 175 3 175 8 174 6 175 7 175 10 174 1 166 9 175 12 153
129 13.228442255290027 10.54897076828188 171.8895455316223 0 0 0 0.27090849661614685 11 180 4 176 2 178 5 176 3 176 8 176 6 176 7 176 10 175 1 167 9 176 12 154
130 13.228442255290027 10.54897076828188 171.8895455316223 0 0 0 0.27090849661614685 11 181 4 177 2 179 5 177 3 177 8 177 6 177 7 177 10 176 1 168 9 177 12 155
131 7.4479880946122687 9.7301586633882131 154.84620853735279 0 0 0 0.35164124001046249 11 182 4 178 2 180 5 178 3 178 8 178 6 178 7 178 10 177 1 169 9 178 12 156
132 7.4479880946122687 9.7301586633882131 154.84620853735279 0 0 0 0.35164124001046249 11 183 4 179 2 181 5 179 3 179 8 179 6 179 7 179 10 178 1 170 9 179 12 157
133 8.9535648068468827 14.914405919725246 171.88393019484411 0 0 0 0.2650478435780122 11 187 4 183 2 185 5 183 3 183 8 183 6 183 7 183 10 182 1 174 9 183 12 161
134 -3.1620785749768352 -14.057320843490984 154.739077715642 0 0 0 0.34808342039451651 11 189 4 186 2 187 5 186 3 186 8 185 6 186 7 186 10 185 1 177 9 186 12 165
135 -10.783352042089691 -10.936938802555366 123.77891237978466 0 0 0 0.22521708812070351 11 190 4 187 2 189 5 187 3 187 8 187 6 187 7 187 10 186 1 178 9 187 12 166
136 -1.721622590890268 -13.565913633279376 154.76046424150573 0 0 0 0.34864131406623161 11 192 4 189 2 190 5 189 3 189 8 188 6 189 7 189 10 188 1 180 9 189 12 168
137 -11.522116706109534 -9.4010288410041998 108.46036597184992 0 0 0 0.37915873514132359 11 193 4 191 2 193 5 191 3 191 8 191 6 191 7 191 10 190 1 182 9 191
138 12.485916378060736 -9.1968030704211046 108.07360782429072 0 0 0 0.30117831685854479 11 194 4 194 5 194 3 194 8 194 6 194 7 194 10 193 9 194 12 169
139 12.279553778847026 -9.095534190298725 108.09712070850536 0 0 0 0.30029205778167833 11 195 4 195 5 195 3 195 8 195 6 195 7 195 10 194 9 195 12 170
140 -6.3074402030747754 -10.832890944643253 138.18473756006492 0 0 0 0.35936136916761896 11 196 4 198 2 198 5 198 3 198 8 198 6 198 7 198 10 196 1 185 9 198 12 171
141 -3.3837704709870198 -10.649025844548873 171.97201165885633 0 0 0 0.26265552931200042 11 197 4 200 2 200 5 199 3 200 8 200 6 200 7 200 10 198 1 187 9 200 12 172
142 -7.5173727710288167 -9.1305261620884224 154.79939064444181 0 0 0 0.34902921140931076 11 199 4 201 2 201 5 201 3 201 8 201 6 201 7 201 10 199 1 188 9 201 12 173
143 -4.0537636841775102 -9.6213435717769311 171.98432556668141 0 0 0 0.26074780607491449 11 200 4 202 2 202 5 202 3 202 8 202 6 202 7 202 10 200 1 189 9 202 12 174
144 12.739681575826195 -6.8615485638173457 123.56936834823055 0 0 0 0.26460247666898201 11 201 4 203 2 203 5 203 3 203 8 203 6 203 7 203 10 201 1 190 9 203 12 175
145 -8.5748840710636092 -8.3342440132185551 154.79348958510357 0 0 0 0.34936334059047142 11 204 4 204 2 204 5 206 3 204 8 204 6 204 7 204 10 202 1 191 9 204 12 176
146 13.152040420392995 -6.5608639791412253 123.54850465905399 0 0 0 0.26374363364686115 11 205 4 207 2 207 5 207 3 207 8 207 6 207 7 207 10 205 1 194 9 207 12 177
147 13.156863185284104 -6.5636324247218223 123.60398205311532 0 0 0 0.26959012884978345 11 206 4 208 2 208 5 208 3 208 8 208 6 208 7 208 10 206 9 208 12 178
148 -6.6166187296880672 -8.0992442245146261 154.83126143562134 0 0 0 0.34941900429206868 11 207 4 209 2 209 5 209 3 209 8 209 6 209 7 209 10 207 1 196 9 209 12 179
149 -13.598902106742189 -6.12203316469407 123.85626965269476 0 0 0 0.22642125896318269 11 208 4 210 2 210 5 210 3 210 8 210 6 211 7 210 10 208 1 197 9 210
150 -8.4145444521030228 -5.6475841835624792 171.96980177778113 0 0 0 0.25380829360430451 11 210 4 212 2 213 5 212 3 212 8 213 6 212 7 212 10 210 1 199 9 212 12 181
151 14.679877229666904 -4.5748189484053228 137.91824638428963 0 0 0 0.37863543920605891 11 211 4 213 2 212 5 213 3 213 8 212 6 213 7 213 10 211 1 200 9 213 12 182
152 10.377895374188389 -3.4905464192136559 123.78400136382588 0 0 0 0.2606129305950094 11 212 4 214 2 214 5 214 3 214 8 214 6 214 7 214 10 212 1 201 9 214 12 183
153 -7.3573084491107403 -4.3234416699235254 172.00329832372 0 0 0 0.25296686733789192 11 213 4 215 2 215 5 215 3 215 8 215 6 215 7 215 10 213 1 202 9 215 12 184
154 -14.654876827798741 -3.2509230389985126 138.10247528599453 0 0 0 0.34105759594522306 11 215 4 217 2 217 5 217 3 217 8 217 6 217 7 217 10 215 1 204 9 217 12 186
155 5.0155012203822684 -2.226784664298834 108.62921764550016 0 0 0 0.30064359303766847 11 217 4 219 2 219 5 219 3 220 8 219 6 219 7 219 10 217 1 206 9 220 12 188
156 14.929709676571928 -2.8204675983809997 137.92733909579914 0 0 0 0.37639952241803898 11 218 4 220 2 220 5 220 3 219 8 220 6 220 7 220 10 218 1 207 9 219 12 189
157 16.277049057064307 -0.33624014109278927 154.59621306669609 0 0 0 0.35112175944256102 11 219 4 221 2 221 5 221 3 221 8 221 6 221 7 221 10 219 1 208 9 221 12 190
158 6.4604537009328498 0.035287288893171363 123.97320752420795 0 0 0 0.25471051930351635 11 222 4 222 2 222 5 224 3 222 8 222 6 222 7 222 10 220 1 209 9 222 12 191
159 -13.756815740369653 0.13206915648165654 171.89033225009314 0 0 0 0.25385845245638339 11 220 4 223 2 223 5 222 3 223 8 223 6 223 7 223 10 221 1 210 9 223 12 192
160 -13.756815740369653 0.13206915648165654 171.89033225009314 0 0 0 0.25385845245638339 11 221 4 224 2 224 5 223 3 224 8 224 6 224 7 224 10 222 1 211 9 224 12 193
161 15.937666555904457 0.21330539939356002 154.61862143739683 0 0 0 0.35066496007453174 11 223 4 225 2 225 5 225 3 225 8 225 6 225 7 225 10 223 1 212 9 225 12 194
162 6.9000847095830364 3.7154754089545006 138.30355224570152 0 0 0 0.3539187145781581 11 226 4 228 2 228 5 228 3 228 8 228 6 228 7 228 10 226 1 215 9 228 12 197
163 12.073386215116901 4.7098228557435009 154.79061359069564 0 0 0 0.3490988482082214 11 228 4 230 2 230 5 230 3 230 8 230 6 230 7 230 10 228 1 217 9 230 12 199
164 12.073386215116901 4.7098228557435009 154.79061359069564 0 0 0 0.3490988482082214 11 229 4 231 2 231 5 231 3 231 8 231 6 231 7 231 10 229 1 218 9 231 12 200
165 -1.2109962734908313 3.6528747891770066 108.71403133011947 0 0 0 0.30721718618915023 11 233 4 233 2 233 5 235 3 235 8 233 6 233 7 233 10 231 1 220 9 235 12 202
166 17.683354932689308 5.8109305556371975 171.78010752417651 0 0 0 0.26697407721791583 11 231 4 234 2 234 5 233 3 233 8 234 6 234 7 234 10 232 1 221 9 233 12 203
167 2.0496107181977012 4.6764867149936302 124.03655880744969 0 0 0 0.24681183399943776 11 234 4 236 2 236 5 236 3 236 8 236 6 236 7 236 10 234 1 223 9 236 12 205
168 7.1152865449178435 8.370622436589791 154.88124670477561 0 0 0 0.3515294149933485 11 235 4 237 2 237 5 237 3 237 8 237 6 237 7 237 10 235 1 224 9 237 12 206
169 -1.3830666128867526 7.8419294544356601 124.00313307649948 0 0 0 0.24147958369323874 11 237 4 239 2 239 5 239 3 239 8 239 6 239 7 239 10 237 1 226 9 239 12 208
170 6.1554222162759853 9.8685147600297416 154.86793535462297 0 0 0 0.3526074337106308 11 238 4 240 2 240 5 240 3 240 8 240 6 240 7 240 10 238 1 227 9 240 12 209
171 6.6458528585106338 10.323168480105451 154.84879171989451 0 0 0 0.35237147696069765 11 240 4 242 2 241 5 242 3 242 8 241 6 242 7 242 10 240 1 229 9 242 12 211
172 1.9825948087720295 12.893416945967269 154.83768452097436 0 0 0 0.3572644776772535 11 242 4 243 2 243 5 244 3 243 8 243 6 243 7 243 10 241 1 230 9 243 12 212
173 8.4677855910989859 14.308170363015089 171.91428959605651 0 0 0 0.26764426353991549 11 241 4 244 2 244 5 243 3 244 8 244 6 244 7 244 10 242 1 231 9 244 12 213
174 8.5746508521563278 15.123355279084784 171.88513649140728 0 0 0 0.26478150363394543 11 244 4 246 2 246 5 246 3 246 8 246 6 246 7 246 10 244 1 233 9 246 12 215
175 -5.3045886784882308 11.143373362248074 123.90747434915561 0 0 0 0.2374292973751233 11 245 4 247 2 247 5 247 3 247 8 247 6 247 7 247 10 245 1 234 9 247 12 216
176 -3.2533285158451157 12.579540831326225 138.2206686851674 0 0 0 0.37289211044559267 11 246 4 248 2 248 5 248 3 248 8 248 6 248 7 248 10 246 1 235 9 248 12 217
177 -6.1265319635763262 11.853249861359233 123.88078043709746 0 0 0 0.23767132887883644 11 249 4 249 2 249 5 251 3 249 8 249 6 249 7 249 10 247 1 236 9 249 12 218
178 7.798539435593419 16.448507045836621 171.8541953011455 0 0 0 0.26077127664685112 11 247 4 250 2 250 5 249 3 250 8 250 6 250 7 250 10 248 1 237 9 250 12 219
179 -2.3186918160152303 -14.089754998878382 154.74259630662215 0 0 0 0.34830071467912188 11 250 4 252 2 252 5 252 3 252 8 252 6 252 7 252 10 250 1 239 9 252 12 221
180 -3.3760877696352871 -13.62960587059885 154.74981499204091 0 0 0 0.34817405646341132 11 251 4 253 2 253 5 253 3 253 8 253 6 253 7 253 10 251 1 240 9 253 12 222
181 -9.54190251925335 -10.598191566322241 123.81287180225246 0 0 0 0.22688442081297724 11 252 4 254 2 254 5 254 3 254 8 254 6 254 7 254 10 252 1 241 9 254 12 223
182 12.515946241159446 -8.9360256413331172 108.08159752197868 0 0 0 0.30119559324551176 11 253 4 256 5 256 3 256 8 256 6 256 7 256 10 253 9 256 12 224
183 2.4318508113367794 -13.888556086377383 171.91681482941749 0 0 0 0.27144281638280043 11 254 4 257 2 256 5 257 3 257 8 257 6 257 7 257 10 254 1 242 9 257 12 225
184 -2.6682450588559825 -10.658838280242236 171.97964338462614 0 0 0 0.26325578970925129 11 257 4 261 2 260 5 261 3 261 8 261 6 261 7 261 10 258 1 246 9 261 12 227
185 15.9585841004518 -4.0227278386413063 137.7159358886959 0 0 0 0.39658524071681112 11 258 4 263 2 262 5 263 3 263 8 263 6 263 7 263 10 260 9 263 12 228
186 -16.415213115701913 -3.5320288616083473 137.96547637644767 0 0 0 0.33130620792645121 11 259 4 264 2 263 5 264 3 264 8 264 6 264 7 264 10 261 1 248 9 264
187 -14.013089650787434 -0.68489772951958439 171.88264352360267 0 0 0 0.25473537301055899 11 261 4 266 2 265 5 266 3 266 8 266 6 266 7 266 10 263 1 250 9 266 12 230
188 4.9019857605953909 0.61543495254892311 124.01407758745253 0 0 0 0.25280625592500799 11 262 4 267 2 266 5 267 3 267 8 267 6 267 7 267 10 264 1 251 9 267 12 231
189 5.636871014459242 1.0923176391754361 123.99650952274341 0 0 0 0.25302280768250729 11 263 4 268 2 267 5 268 3 268 8 268 6 268 7 268 10 265 1 252 9 268 12 232
190 17.162573878045972 1.3540247339400979 154.54068312322951 0 0 0 0.35145814230483047 11 264 4 269 2 268 5 269 3 269 8 269 6 269 7 269 10 266 1 253 9 269 12 233
191 11.726827945215634 3.8771659521982169 154.81220446934145 0 0 0 0.34925914022310905 11 265 4 270 2 269 5 270 3 270 8 270 6 270 7 270 10 267 1 254 9 270 12 234
192 12.373826958123443 3.8979456845364595 154.78620671844379 0 0 0 0.34914209353664249 11 266 4 271 2 270 5 271 3 271 8 271 6 271 7 271 10 268 1 255 9 271 12 235
193 19.872781822286694 5.0849189448027694 171.6542963793043 0 0 0 0.25747189602052734 11 267 4 272 2 271 5 272 3 272 8 272 6 272 7 272 10 269 1 256 9 272 12 236
194 1.7192694689521064 4.064017680948977 124.04525326912598 0 0 0 0.24669313710651641 11 268 4 273 2 272 5 273 3 273 8 273 6 273 7 273 10 270 1 257 9 273 12 237
195 1.5392242387113206 4.6640169557274236 124.04088701692127 0 0 0 0.24618312142840218 11 271 4 275 2 274 5 276 3 274 8 275 6 275 7 275 10 272 1 259 9 274 12 238
196 18.470434326087798 6.4690815453061159 171.72423419862255 0 0 0 0.2620247016009829 11 269 4 276 2 275 5 274 3 275 8 276 6 276 7 276 10 273 1 260 9 275 12 239
197 -4.6132976305757687 6.5854716364032058 108.65436098898451 0 0 0 0.31022941085606243 11 272 4 278 2 277 5 278 3 278 8 278 6 278 7 278 10 274 1 262 9 278 12 240
198 -2.945303512096654 7.7339361750820146 123.9966502236171 0 0 0 0.2393630173678791 11 273 4 279 2 278 5 279 3 279 8 279 6 279 7 279 10 275 1 263 9 279 12 241
199 14.491505067543466 10.807522363159542 171.83280686895787 0 0 0 0.26661370782420746 11 274 4 280 2 279 5 280 3 280 8 280 6 280 7 280 10 276 1 264 9 280 12 242
200 -2.6638216684827833 8.0010420119151462 123.99435726278949 0 0 0 0.23973812525091134 11 278 4 283 2 282 5 284 3 283 8 283 6 283 7 283 10 279 1 267 9 283 12 245
201 -2.6638216684827833 8.0010420119151462 123.99435726278949 0 0 0 0.23973812525091134 11 279 4 284 2 283 5 285 3 284 8 284 6 284 7 284 10 280 1 268 9 284 12 246
202 7.7563300851605197 9.9611433245451604 154.83400070833827 0 0 0 0.35148093669705743 11 280 4 285 2 284 5 286 3 285 8 285 6 285 7 285 10 281 1 269 9 285 12 247
203 7.7563300851605197 9.9611433245451604 154.83400070833827 0 0 0 0.35148093669705743 11 281 4 286 2 285 5 287 3 286 8 286 6 286 7 286 10 282 1 270 9 286 12 248
204 7.4610299066890464 10.336285828921262 154.83176347849326 0 0 0 0.35177579810253262 11 284 4 289 2 287 5 291 3 289 8 288 6 289 7 289 10 285 1 273 9 289 12 250
205 13.77531480139468 11.492490471277421 171.84311861108293 0 0 0 0.26666460011423515 11 282 4 290 2 289 5 289 3 290 8 290 6 290 7 290 10 286 1 274 9 290 12 251
206 -8.0508100216683545 9.3916813909985581 108.5450174187591 0 0 0 0.32106284965138149 11 286 4 292 2 291 5 293 3 293 8 292 6 292 7 292 10 288 1 276 9 293 12 253
207 6.831825107247175 14.959916819025034 171.9223173087465 0 0 0 0.26680581388883701 11 288 4 295 2 294 5 295 3 295 8 295 6 295 7 295 10 291 1 279 9 295 12 256
208 2.8129600448939018 14.446373447117585 154.78769242960547 0 0 0 0.35708073924764444 11 290 4 296 2 295 5 297 3 296 8 296 6 296 7 296 10 292 1 280 9 296 12 257
209 2.8129600448939018 14.446373447117585 154.78769242960547 0 0 0 0.35708073924764444 11 291 4 297 2 296 5 298 3 297 8 297 6 297 7 297 10 293 1 281 9 297 12 258
210 -2.3886829378284795 13.258832696094069 138.20802730597023 0 0 0 0.37255252889296497 11 293 4 300 2 299 5 300 3 300 8 300 6 300 7 300 10 296 1 284 9 300 12 261
211 1.2843697389431994 -14.541035497041019 171.89772042084303 0 0 0 0.27133786786345232 11 298 4 306 2 305 5 306 3 306 8 306 6 306 7 306 10 302 1 290 9 306 12 265
212 -10.282930764435092 -9.6514225151807498 123.81484608873544 0 0 0 0.2249981042454591 11 300 4 308 2 307 5 308 3 307 8 308 6 310 7 308 10 306 1 292 9 307 12 266
213 -13.093025108903054 -7.0540083369325179 123.86030453003967 0 0 0 0.22618144029981646 11 306 4 315 2 313 5 315 3 315 8 315 6 315 7 315 10 313 1 297 9 315
214 -6.5290273645884662 -8.6226500744477494 154.82411057913635 0 0 0 0.34925962041545833 11 307 4 317 2 315 5 318 3 316 8 317 6 317 7 317 10 314 1 299 9 316 12 272
215 -13.09311768429516 -6.6197298984988233 123.86438016756 0 0 0 0.22569347454193023 11 308 4 319 2 317 5 319 3 319 8 319 6 319 7 319 10 315 1 301 9 319
216 -15.670550182302106 -4.5790933038432931 137.97691993480868 0 0 0 0.33558593407647935 11 310 4 322 2 320 5 322 3 322 8 322 6 322 7 322 10 318 1 304 9 322
217 -14.595962436664722 -3.7485247987977499 138.10167805202548 0 0 0 0.34017963805604418 11 313 4 325 2 323 5 326 3 325 8 325 6 325 7 325 10 320 1 307 9 325 12 274
218 8.7938568892807005 -3.2565266937015154 123.86399759890641 0 0 0 0.25995861957686123 11 314 4 327 2 325 5 327 3 327 8 327 6 327 7 327 10 322 1 309 9 327 12 276
219 -11.440777038807601 -3.9568913942430224 154.78336896896457 0 0 0 0.35300820207485417 11 315 4 328 2 326 5 328 3 328 8 328 6 328 7 328 10 323 1 310 9 328 12 277
220 15.918789835002499 -3.4543273103350014 137.72886573944982 0 0 0 0.39494318491296077 11 317 4 329 2 327 5 330 3 329 8 329 6 329 7 329 10 324 9 329 12 278
221 -7.8150261486938737 -4.2173884299283166 171.99538830261449 0 0 0 0.25265833410394006 11 316 4 330 2 328 5 329 3 330 8 330 6 330 7 330 10 325 1 311 9 330 12 279
222 5.4054945788874145 -2.4649951480814423 108.61448531671697 0 0 0 0.29992909518950633 11 318 4 331 2 329 5 331 3 331 8 331 6 331 7 331 10 326 1 312 9 331 12 280
223 9.5942517204726059 -2.4755435688781011 123.83619681634507 0 0 0 0.25920863228744989 11 320 4 333 2 331 5 333 3 333 8 333 6 333 7 333 10 328 1 314 9 333 12 282
224 15.188716296473064 -2.7257522470112594 137.79817908313919 0 0 0 0.38835811373615459 11 321 4 334 2 332 5 334 3 334 8 334 6 334 7 334 10 329 9 334 12 283
225 16.756503877196963 -0.70202988500160679 154.56414094414058 0 0 0 0.35171451882051713 11 323 4 336 2 333 5 336 3 336 8 335 6 336 7 336 10 331 1 316 9 336 12 284
226 4.8542451598831526 0.15931942368522278 124.01466021459109 0 0 0 0.2532171017137046 11 326 4 340 2 338 5 340 3 340 8 340 6 340 7 340 10 334 1 320 9 340 12 287
227 -15.01582669691569 0.47308331982089341 171.86309298331858 0 0 0 0.25660078672239534 11 327 4 341 2 339 5 341 3 341 8 341 6 341 7 341 10 335 1 321 9 341 12 288
228 2.2740252556304306 0.46872313410697092 108.70413848678432 0 0 0 0.30531775331809269 11 328 4 342 2 340 5 342 3 342 8 342 6 342 7 342 10 336 1 322 9 342 12 289
229 -17.253177358229589 1.4359661344995318 154.50657631649867 0 0 0 0.37775008564672868 11 329 4 343 2 341 5 343 3 343 8 343 6 343 7 343 10 337 1 323 9 343
230 19.27688928449367 4.7613465371200272 171.69772668295332 0 0 0 0.26130734334097672 11 330 4 344 2 344 5 344 3 344 8 346 6 344 7 344 10 338 1 324 9 344 12 291
231 11.400652704757659 4.3551534322265502 154.82011290650837 0 0 0 0.34928187017760742 11 331 4 345 2 342 5 345 3 345 8 344 6 345 7 345 10 339 1 325 9 345 12 292
232 11.400652704757659 4.3551534322265502 154.82011290650837 0 0 0 0.34928187017760742 11 332 4 346 2 343 5 346 3 346 8 345 6 346 7 346 10 340 1 326 9 346 12 293
233 10.9996826299845 4.7876099662040383 154.83007173417946 0 0 0 0.34935639210919706 11 334 4 349 2 346 5 349 3 349 8 348 6 349 7 349 10 343 1 329 9 349 12 295
234 19.335862937845924 5.9789722745969804 171.67758485441044 0 0 0 0.25861230209099267 11 336 4 354 2 352 5 354 3 354 8 354 6 354 7 354 10 346 1 334 9 354 12 297
235 19.335862937845924 5.9789722745969804 171.67758485441044 0 0 0 0.25861230209099267 11 337 4 355 2 353 5 355 3 355 8 355 6 355 7 355 10 347 1 335 9 355 12 298
236 11.984199834232031 5.8960975038091048 154.77923167009038 0 0 0 0.3490284800955708 11 338 4 357 2 354 5 357 3 357 8 356 6 357 7 357 10 349 1 337 9 357 12 300
237 12.21124085948718 10.506067469993658 171.92563244257178 0 0 0 0.27321146519395034 11 341 4 362 2 361 5 362 3 362 8 363 6 363 7 362 10 353 1 342 9 362 12 302
238 2.4271466760158398 8.9027499098689766 138.30170208617824 0 0 0 0.36456277959980365 11 343 4 365 2 363 5 365 3 365 8 365 6 365 7 365 10 355 1 345 9 365 12 304
239 2.3531163345800863 12.783627020962998 154.83861959538115 0 0 0 0.35687516851156986 11 347 4 367 2 365 5 369 3 366 8 367 6 367 7 367 10 357 1 347 9 366 12 307
240 7.5112254561790888 14.232133255522291 171.93444792774579 0 0 0 0.26863352222340525 11 344 4 368 2 366 5 366 3 367 8 368 6 368 7 368 10 358 1 348 9 367 12 308
241 8.251337985179676 14.204996749078553 171.92186473333373 0 0 0 0.26817000159075871 11 345 4 369 2 367 5 367 3 368 8 369 6 369 7 369 10 359 1 349 9 368 12 309
242 7.7857514412492561 15.600074804689839 171.88465441383011 0 0 0 0.26395039653839553 11 349 4 371 2 369 5 371 3 371 8 371 6 371 7 371 10 361 1 351 9 371 12 311
243 7.7857514412492561 15.600074804689839 171.88465441383011 0 0 0 0.26395039653839553 11 350 4 372 2 370 5 372 3 372 8 372 6 372 7 372 10 362 1 352 9 372 12 312
244 13.576906456290642 -7.769693165243881 123.53323952296077 0 0 0 0.27311623628332554 11 360 4 379 2 377 5 379 3 379 8 379 6 379 7 379 10 369 9 379 12 320
245 -11.492037306025642 -8.170516037251323 138.13412820393606 0 0 0 0.34683714868056592 11 361 4 380 2 378 5 380 3 380 8 380 6 380 7 380 10 370 1 358 9 380 12 321
246 -8.7091670688159279 -8.6350888654614018 154.78641405173462 0 0 0 0.3492473812698032 11 365 4 384 2 382 5 384 3 384 8 384 6 384 7 384 10 374 1 362 9 384 12 323
247 -12.130031292186313 -7.6951436473156543 138.1256527278488 0 0 0 0.34456904390703674 11 366 4 385 2 383 5 385 3 385 8 385 6 385 7 385 10 375 1 363 9 385 12 324
248 -2.9735561419204495 -8.3259675754172395 172.02149236715104 0 0 0 0.26041533412798246 11 369 4 388 2 386 5 388 3 388 8 388 6 388 7 388 10 380 1 366 9 388 12 327
249 -15.952876480385271 -3.237791096390116 137.97680552963612 0 0 0 0.33734160997676094 11 371 4 391 2 389 5 391 3 391 8 391 6 391 7 391 10 384 1 369 9 391
250 -8.3385661808585461 -3.3850753817405677 171.99169664117625 0 0 0 0.25192653190718012 11 372 4 392 2 390 5 392 3 392 8 392 6 392 7 392 10 385 1 370 9 392 12 328
251 6.0686339763957893 -0.068784495561993661 123.98426227400162 0 0 0 0.25452072361334621 11 374 4 394 2 392 5 394 3 394 8 394 6 394 7 394 10 387 1 373 9 394 12 330
252 6.0686339763957893 -0.068784495561993661 123.98426227400162 0 0 0 0.25452072361334621 11 375 4 395 2 393 5 395 3 395 8 395 6 395 7 395 10 388 1 374 9 395 12 331
253 -14.396052606520396 0.0057477277472795197 171.87589064688351 0 0 0 0.25524178032369177 11 376 4 396 2 394 5 396 3 396 8 396 6 396 7 396 10 389 1 375 9 396 12 332
254 -14.396052606520396 0.0057477277472795197 171.87589064688351 0 0 0 0.25524178032369177 11 377 4 397 2 395 5 397 3 397 8 397 6 397 7 397 10 390 1 376 9 397 12 333
255 1.6573289870260395 3.0289644205400821 124.05333762851106 0 0 0 0.24719593865691522 11 379 4 398 2 396 5 398 3 398 8 398 6 398 7 398 10 391 1 377 9 398 12 334
256 13.339073144755984 9.1639201735963951 171.9183352163756 0 0 0 0.27405951947242441 11 385 4 403 2 401 5 403 3 403 8 403 6 403 7 403 10 398 1 382 9 403 12 339
257 -1.7247839775220746 7.6825239369212985 124.00468008271903 0 0 0 0.24103759463695615 11 386 4 404 2 402 5 404 3 404 8 404 6 404 7 404 10 401 1 383 9 404 12 340
258 -2.0881163151119373 8.3846238115753344 123.99102282139647 0 0 0 0.24049706626935366 11 387 4 406 2 404 5 406 3 405 8 406 6 406 7 406 10 405 1 385 9 405 12 341
259 7.3788595983638388 14.967277667091947 171.91326055660576 0 0 0 0.26644625101822517 11 390 4 409 2 407 5 409 3 409 8 409 6 409 7 409 10 408 1 388 9 409 12 344
260 7.3788595983638388 14.967277667091947 171.91326055660576 0 0 0 0.26644625101822517 11 391 4 410 2 408 5 410 3 410 8 410 6 410 7 410 10 409 1 389 9 410 12 345
261 1.6535024870037642 14.253302249039198 154.80135162717627 0 0 0 0.35813084054025973 11 393 4 412 2 410 5 412 3 412 8 412 6 412 7 412 10 411 1 391 9 412 12 347
263 15.835483008928442 -18.316106719657803 208.19710797054293 0 0 0 0.19551154640619758 4 4 11 2 2 5 5 2 3 4 8 5 6 4 7 4 10 4 1 4 9 4 12 4
264 16.144603114974331 -17.673674876069381 208.07224332335537 0 0 0 0.1952134434564351 4 7 11 7 2 7 5 7 3 7 8 7 6 7 7 7 10 7 1 7 9 7
265 16.144603114974331 -17.673674876069381 208.07224332335537 0 0 0 0.1952134434564351 4 8 11 8 2 8 5 8 3 8 8 8 6 8 7 8 10 8 1 8 9 8
266 8.8965227307901404 -16.015633593547904 191.71483354524096 0 0 0 0.17548476207315319 4 11 11 9 2 11 5 9 3 9 8 11 6 11 7 11 10 11 1 9 9 9 12 9
267 8.8965227307901404 -16.015633593547904 191.71483354524096 0 0 0 0.17548476207315319 4 12 11 10 2 12 5 10 3 10 8 12 6 12 7 12 10 12 1 10 9 10 12 10
268 8.0216954909726308 -15.728490548007295 191.73735373478425 0 0 0 0.17537380597114274 4 13 11 13 2 16 5 13 3 13 8 14 6 13 7 13 10 13 1 11 9 13 12 11
269 9.5748044314891718 -11.689470637135219 208.43872112741283 0 0 0 0.1688661115100176 4 31 11 29 2 35 5 29 3 29 8 33 6 31 7 31 10 31 1 27 9 29
270 9.5748044314891718 -11.689470637135219 208.43872112741283 0 0 0 0.1688661115100176 4 32 11 30 2 36 5 30 3 30 8 34 6 32 7 32 10 32 1 28 9 30
271 8.7231803326140476 -11.158471245520202 208.55998846593411 0 0 0 0.16518445337945339 4 36 11 36 2 38 5 36 3 36 8 36 6 36 7 36 10 36 1 32 9 36 12 30
272 8.7231803326140476 -11.158471245520202 208.55998846593411 0 0 0 0.16518445337945339 4 37 11 37 2 39 5 37 3 37 8 37 6 37 7 37 10 37 1 33 9 37 12 31
273 4.7146501911150374 -2.9899923276968545 108.63058906164578 0 0 0 0.29908807731476628 4 48 2 50 5 48 3 49 8 48 6 48 7 48 10 48 1 44 9 49 12 40 11 48
274 1.9550352783258371 -5.1276288284727922 208.64275565811411 0 0 0 0.16196261421248756 4 57 11 56 2 62 5 56 3 57 8 60 6 59 7 57 10 57 1 51 9 57 12 48
275 2.5041622044395853 -4.6643877040711033 208.69668263281037 0 0 0 0.16521716925048813 4 62 11 62 2 64 5 62 3 62 8 62 6 62 7 62 10 62 1 56 9 62 12 52
276 3.4048550648771325 -4.6115298636790785 208.54669009629666 0 0 0 0.16418366396389944 4 63 11 63 2 65 5 63 3 63 8 63 6 63 7 63 10 63 1 57 9 63
277 1.2650777523775205 0.078132539225232389 108.7162277362944 0 0 0 0.30424241475590491 4 69 2 70 5 69 3 71 8 68 6 68 7 69 10 69 1 63 9 71 12 58 11 69
278 -4.5621695297051765 0.18115444281716686 208.57102802620818 0 0 0 0.16738711654538277 4 68 11 68 2 73 5 68 3 68 8 71 6 69 7 68 10 68 1 62 9 68 12 57
279 1.0585553140694619 0.66159048559758771 108.76005485137283 0 0 0 0.3256340154546104 4 80 2 82 5 80 3 82 8 80 6 80 7 80 10 80 1 74 9 82
280 -10.219130835058614 1.3202249703787658 191.83197817464705 0 0 0 0.18292584959304437 4 83 11 83 2 85 5 82 3 83 8 83 6 83 7 83 10 83 1 77 9 83 12 71
281 -10.219130835058614 1.3202249703787658 191.83197817464705 0 0 0 0.18292584959304437 4 84 11 84 2 86 5 83 3 84 8 84 6 84 7 84 10 84 1 78 9 84 12 72
282 -19.85360350427856 4.6404474073572874 171.7624097514923 0 0 0 0.27822776279163935 4 85 11 86 2 88 5 85 3 85 8 86 6 86 7 85 10 85 1 79 9 85 12 73
283 -19.682465112827774 4.9851183028022783 171.76472260739934 0 0 0 0.27723835851763978 4 90 11 91 2 94 5 90 3 90 8 92 6 90 7 90 10 90 1 84 9 90 12 78
284 -19.682465112827774 4.9851183028022783 171.76472260739934 0 0 0 0.27723835851763978 4 91 11 92 2 95 5 91 3 91 8 93 6 91 7 91 10 91 1 85 9 91 12 79
285 -10.22243468358494 7.2069740527566273 208.29754890072567 0 0 0 0.17207120474418616 4 99 11 98 2 102 5 97 3 97 8 100 6 99 7 99 10 99 1 93 9 97
286 -10.22243468358494 7.2069740527566273 208.29754890072567 0 0 0 0.17207120474418616 4 100 11 99 2 103 5 98 3 98 8 101 6 100 7 100 10 100 1 94 9 98
287 -19.930671296320444 6.1927475109729837 171.7566663941918 0 0 0 0.27958791668031602 4 103 11 103 2 107 5 102 3 102 8 105 6 103 7 103 10 103 1 97 9 102 12 89
288 20.540735374054695 10.95108479658775 191.58221387032179 0 0 0 0.15815358685457806 4 106 11 107 2 108 5 106 3 106 8 106 6 106 7 106 10 106 1 100 9 106 12 92
289 20.540735374054695 10.95108479658775 191.58221387032179 0 0 0 0.15815358685457806 4 107 11 108 2 109 5 107 3 107 8 107 6 107 7 107 10 107 1 101 9 107 12 93
290 -16.780127404205171 11.992618402162908 208.14500481976683 0 0 0 0.1465597322159575 4 108 11 109 2 110 5 108 3 108 8 108 6 108 7 108 10 108 1 102 9 108
291 21.330312382174515 11.769529074319008 191.51153176350817 0 0 0 0.15667140746763866 4 117 11 119 2 119 5 117 3 117 8 117 6 117 7 117 10 117 1 111 9 117 12 102
292 21.330312382174515 11.769529074319008 191.51153176350817 0 0 0 0.15667140746763866 4 118 11 120 2 120 5 118 3 118 8 118 6 118 7 118 10 118 1 112 9 118 12 103
293 -20.675686869364661 12.045952381327083 191.59090051358871 0 0 0 0.17779206870037345 4 121 11 123 2 123 5 121 3 121 8 121 6 121 7 121 10 121 1 115 9 121 12 106
294 -15.813767915987027 13.127332031534159 207.88889525538798 0 0 0 0.14043246352247146 4 122 2 124 5 122 3 122 8 122 6 122 7 122 10 122 1 116 9 122
295 -24.251162626282284 17.706679462174272 208.15100997796088 0 0 0 0.091195438095720727 4 125 11 126 2 127 5 125 3 125 8 125 6 125 7 125 10 125 1 119 9 125 12 109
296 -22.915053914280264 17.69809415879261 208.09938599584692 0 0 0 0.098304155355381298 4 126 11 127 2 128 5 126 3 126 8 126 6 126 7 126 10 126 1 120 9 126
297 14.026293231189992 16.632619786191309 191.67375663124272 0 0 0 0.16224465735128979 4 129 11 130 2 131 5 129 3 129 8 129 6 129 7 129 10 129 1 123 9 129 12 112
298 14.549405535302125 16.949306684022684 191.64389984251767 0 0 0 0.16084270504233422 4 131 11 131 2 135 5 130 3 131 8 133 6 131 7 131 10 131 1 125 9 131 12 114
299 14.549405535302125 16.949306684022684 191.64389984251767 0 0 0 0.16084270504233422 4 132 11 132 2 136 5 131 3 132 8 134 6 132 7 132 10 132 1 126 9 132 12 115
300 -23.331150805019135 18.519545332094996 208.068025327295 0 0 0 0.095630287760431601 4 133 11 133 2 137 5 132 3 133 8 135 6 133 7 133 10 133 1 127 9 133
301 -23.331150805019135 18.519545332094996 208.068025327295 0 0 0 0.095630287760431601 4 134 11 134 2 138 5 133 3 134 8 136 6 134 7 134 10 134 1 128 9 134
302 -12.536493320751685 -9.5861847427829314 108.57652910124105 0 0 0 0.35745413463684084 4 145 2 147 5 146 3 146 8 145 6 145 7 145 10 145 1 138 9 146
303 16.691550808251225 -18.395516679642434 207.69392216362527 0 0 0 0.18883568122863417 4 146 2 148 5 145 3 145 8 146 6 146 7 146 10 146 1 139 9 145
304 -12.12519794415028 -9.0565465126235569 108.5816979714925 0 0 0 0.35152562028298168 4 148 2 150 5 148 3 148 8 148 6 148 7 148 10 148 1 141 9 148
305 -12.12519794415028 -9.0565465126235569 108.5816979714925 0 0 0 0.35152562028298168 4 149 2 151 5 149 3 149 8 149 6 149 7 149 10 149 1 142 9 149
306 11.456152769456859 -8.9095513074365975 108.15782115479392 0 0 0 0.31110148713312502 4 150 2 152 5 150 3 150 8 150 6 150 7 150 10 150 9 150
307 3.0467001734608194 -6.8193635044366943 208.52483620991802 0 0 0 0.16538493337267388 4 158 11 159 2 160 5 158 3 158 8 158 6 158 7 158 10 158 1 149 9 158
308 -2.4752327168293591 -5.6532420311490377 191.94052420016493 0 0 0 0.17522230803566496 4 159 11 160 2 161 5 159 3 159 8 159 6 159 7 159 10 159 1 150 9 159 12 137
309 -8.9119792905780262 7.1995517974354533 208.0500585490654 0 0 0 0.16389497553608054 4 173 2 175 5 173 3 173 8 173 6 173 7 173 1 164 9 173
310 -21.410147973560541 10.767550312258564 191.59042040820358 0 0 0 0.1806752412811643 4 174 11 178 2 177 5 174 3 174 8 175 6 174 7 174 10 173 1 165 9 174 12 152
311 14.900574239305207 15.973973660116949 191.66977134774544 0 0 0 0.16174781675630631 4 180 11 184 2 182 5 180 3 180 8 180 6 180 7 180 10 179 1 171 9 180 12 158
312 22.7757658047557 18.009603984581425 208.00760544923611 0 0 0 0.22061692595647475 4 181 11 185 2 183 5 181 3 181 8 181 6 181 7 181 10 180 1 172 9 181 12 159
313 22.7757658047557 18.009603984581425 208.00760544923611 0 0 0 0.22061692595647475 4 182 11 186 2 184 5 182 3 182 8 182 6 182 7 182 10 181 1 173 9 182 12 160
314 -9.4160609318978317 10.120318834820667 108.57033418168633 0 0 0 0.36304414882421454 4 184 2 186 5 184 3 184 8 184 6 184 7 184 1 175 9 184
315 8.4212948857475602 -17.43547238931006 191.66458896608924 0 0 0 0.17785374623603625 4 185 11 188 2 188 5 185 3 185 8 186 6 185 7 185 10 184 1 176 9 185 12 164
316 9.986968911074019 -16.870480318531559 191.66219866542068 0 0 0 0.17682749813763163 4 188 11 191 2 191 5 188 3 188 8 189 6 188 7 188 10 187 1 179 9 188 12 167
317 -12.905617957892037 -9.4190301016733429 108.57611174005338 0 0 0 0.35998597432086532 4 190 2 192 5 190 3 190 8 190 6 190 7 190 10 189 1 181 9 190
318 11.361022379097481 -9.3110826610112589 107.98679131684074 0 0 0 0.28652712005844511 4 192 2 194 5 193 3 193 8 192 6 192 7 192 9 193
319 17.006530527375002 -17.809801661584515 207.88183806665711 0 0 0 0.19272553222260003 4 193 2 195 5 192 3 192 8 193 6 193 7 193 1 183 9 192
320 -12.913221905980842 -8.9039833910487491 108.57870298550378 0 0 0 0.35736183186643122 4 196 2 196 5 196 3 196 8 196 6 196 7 196 10 195 1 184 9 196
321 11.143023139198183 -8.8352171460590032 108.03607137787863 0 0 0 0.289105561475477 4 197 2 197 5 197 3 197 8 197 6 197 7 197 9 197
322 -14.379568844049542 -7.661646283816081 123.89128220257874 0 0 0 0.24034124251522035 4 199 2 199 5 200 3 199 8 199 6 199 7 199 10 197 1 186 9 199
323 9.4355564757300137 -11.231401746032001 208.45307380477777 0 0 0 0.16836968264034713 4 205 11 202 2 205 5 204 3 205 8 205 6 205 7 205 10 203 1 192 9 205
324 9.4355564757300137 -11.231401746032001 208.45307380477777 0 0 0 0.16836968264034713 4 206 11 203 2 206 5 205 3 206 8 206 6 206 7 206 10 204 1 193 9 206
325 8.3031049408452091 -5.363226073753812 108.49861379465251 0 0 0 0.31440540060661915 4 211 2 211 5 211 3 211 8 211 6 210 7 211 10 209 1 198 9 211
326 -4.5232842328331158 -4.7568339424069839 191.91625140240453 0 0 0 0.17675257353393051 4 216 11 214 2 216 5 216 3 216 8 216 6 216 7 216 10 214 1 203 9 216 12 185
327 -3.8730842474337388 -4.285890498577686 191.93241491831807 0 0 0 0.17631559752470757 4 218 11 216 2 218 5 218 3 218 8 218 6 218 7 218 10 216 1 205 9 218 12 187
328 -4.9214559084093565 0.9919632778242099 208.56550735092134 0 0 0 0.16805746949221997 4 226 11 224 2 226 5 226 3 226 8 226 6 226 7 226 10 224 1 213 9 226 12 195
329 -15.411480622878967 4.8464602956577663 191.71751095902732 0 0 0 0.18399320241521422 4 227 11 225 2 227 5 227 3 227 8 227 6 227 7 227 10 225 1 214 9 227 12 196
330 -14.704440969559872 5.6880920020834926 191.72914979305583 0 0 0 0.18397729630133644 4 229 11 227 2 229 5 229 3 229 8 229 6 229 7 229 10 227 1 216 9 229 12 198
331 -18.234879300328913 5.7374328956035869 171.7897228533113 0 0 0 0.26933054303087017 4 232 11 230 2 232 5 232 3 232 8 232 6 232 7 232 10 230 1 219 9 232 12 201
332 -20.378934851049095 5.8889979198486246 171.74981665077445 0 0 0 0.28253867663669457 4 235 11 232 2 235 5 234 3 234 8 235 6 235 7 235 10 233 1 222 9 234 12 204
333 20.140769690473846 11.725091651148588 191.58187220473579 0 0 0 0.15808541140390137 4 238 11 236 2 238 5 238 3 238 8 238 6 238 7 238 10 236 1 225 9 238 12 207
334 -22.038641294201405 12.791793287789748 191.57020116712798 0 0 0 0.18297718297872478 4 241 11 239 2 242 5 241 3 241 8 242 6 241 7 241 10 239 1 228 9 241 12 210
335 -24.674707509814784 18.046652523940651 208.14740006897625 0 0 0 0.090013539106782378 4 245 11 243 2 245 5 245 3 245 8 245 6 245 7 245 10 243 1 232 9 245 12 214
336 14.248961887184457 18.339418001839107 191.59621037793431 0 0 0 0.15902642161209815 4 251 11 248 2 251 5 250 3 251 8 251 6 251 7 251 10 249 1 238 9 251 12 220
337 11.099867882363705 -9.0808974246899243 107.89230322772396 0 0 0 0.23366848056893258 4 255 2 255 5 255 3 255 8 255 6 255 7 255
338 15.524352443311388 -16.758606015865556 208.13757810699443 0 0 0 0.18988700154636809 4 258 11 255 2 257 5 258 3 258 8 258 6 258 7 258 10 255 1 243 9 258
339 8.918810356336671 -15.020631741583934 191.75209874437854 0 0 0 0.17419869582773576 4 259 11 256 2 258 5 259 3 259 8 259 6 259 7 259 10 256 1 244 9 259 12 226
340 15.934850439214848 -16.280128655210898 207.84306734208849 0 0 0 0.17881723524305435 4 260 2 259 5 260 3 260 8 260 6 260 7 260 10 257 1 245 9 260
341 -14.733046403314459 -6.9926603538132293 123.89231858495603 0 0 0 0.24004073044099344 4 262 2 261 5 262 3 262 8 262 6 262 7 262 10 259 1 247 9 262
342 -2.9481027135824935 -3.8762930172017067 191.95192819861725 0 0 0 0.17570469694980331 4 265 11 260 2 264 5 265 3 265 8 265 6 265 7 265 10 262 1 249 9 265 12 229
343 -2.1034230321019054 4.122828633011574 108.74248803179746 0 0 0 0.32564994484266391 4 274 2 273 5 275 3 276 8 274 6 274 7 274 10 271 1 258 9 276
344 -15.444413025338402 12.083966385222451 207.9327980913946 0 0 0 0.14916194368529523 4 277 2 276 5 277 3 277 8 277 6 277 7 277 1 261
345 -17.623180046428821 13.378010143193913 208.2277736533652 0 0 0 0.13523921876374626 4 281 11 275 2 280 5 281 3 281 8 281 6 281 7 281 10 277 1 265 9 281 12 243
346 -17.623180046428821 13.378010143193913 208.2277736533652 0 0 0 0.13523921876374626 4 282 11 276 2 281 5 282 3 282 8 282 6 282 7 282 10 278 1 266 9 282 12 244
347 20.58098930053562 12.338288878098082 191.53802060327217 0 0 0 0.15707559468277385 4 287 11 277 2 286 5 283 3 287 8 287 6 287 7 287 10 283 1 271 9 287 12 249
348 -16.927738070654478 13.938620564924921 207.89127254406492 0 0 0 0.13459226398634125 4 288 2 288 5 288 3 288 8 289 6 288 7 288 10 284 1 272 9 288
349 20.90660267414118 12.79449249582879 191.50400822862318 0 0 0 0.15637637106262683 4 291 11 283 2 290 5 290 3 291 8 291 6 291 7 291 10 287 1 275 9 291 12 252
350 -24.723299296427253 18.076026696326789 208.14734589593039 0 0 0 0.089914593110478433 4 293 11 285 2 292 5 292 3 292 8 293 6 293 7 293 10 289 1 277 9 292 12 254
351 16.118838175316558 16.650093532020477 191.59748686205862 0 0 0 0.15877880335056074 4 294 11 287 2 293 5 294 3 294 8 294 6 294 7 294 10 290 1 278 9 294 12 255
352 14.232652393106997 17.878345707473674 191.61656745062879 0 0 0 0.15982719871812281 4 298 11 289 2 297 5 296 3 298 8 298 6 298 7 298 10 294 1 282 9 298 12 259
353 15.440226562026591 17.951542988005222 191.56956067269149 0 0 0 0.15790458203573796 4 299 11 292 2 298 5 299 3 299 8 299 6 299 7 299 10 295 1 283 9 299 12 260
354 -12.041395724902891 -9.9394370921189381 108.57632112917024 0 0 0 0.35503495320593481 4 301 2 300 5 302 3 302 8 301 6 301 7 301 10 297 1 285 9 302
355 9.0439513965129219 -17.541236509511659 191.65052657575913 0 0 0 0.17804703720619716 4 302 11 294 2 301 5 301 3 301 8 302 6 302 7 302 10 298 1 286 9 301 12 262
356 16.001404550449131 -18.959962975068866 207.69099816322355 0 0 0 0.18788951737547771 4 303 2 302 5 303 3 303 8 303 6 303 7 303 10 299 1 287 9 303
357 9.509295652851586 -16.972091637223176 191.66657971383529 0 0 0 0.17697967807136986 4 304 11 296 2 303 5 304 3 304 8 304 6 304 7 304 10 300 1 288 9 304 12 263
358 9.509295652851586 -16.972091637223176 191.66657971383529 0 0 0 0.17697967807136986 4 305 11 297 2 304 5 305 3 305 8 305 6 305 7 305 10 301 1 289 9 305 12 264
359 -12.200250437040616 -8.4533410662252173 108.58489282044184 0 0 0 0.34963621161628106 4 307 2 306 5 307 3 308 8 307 6 307 7 307 10 305 1 291 9 308
360 7.9713289661670741 -6.4190693410394752 108.31426370455308 0 0 0 0.25454235951418147 4 313 2 309 5 313 3 313 8 311 6 311 7 313 1 295
361 7.9713289661670741 -6.4190693410394752 108.31426370455308 0 0 0 0.25454235951418147 4 314 2 310 5 314 3 314 8 312 6 312 7 314 1 296
362 8.8362554272450389 -12.325845488618638 208.35684284189878 0 0 0 0.17296358867861386 4 311 11 303 2 311 5 311 3 311 8 313 6 313 7 311 10 309 1 293 9 311 12 270
363 8.8399136524336122 -12.328142190795763 208.4247467966693 0 0 0 0.16901099713094503 4 312 11 304 2 312 5 312 3 312 8 314 6 314 7 312 10 310 1 294 9 312
364 7.6739230437671786 -6.0517506075713046 108.34334139765205 0 0 0 0.25757140031378506 4 316 2 314 5 317 3 318 8 316 6 316 7 316 1 298
365 10.985517310038857 -11.632514707484743 208.35390273697757 0 0 0 0.17890140988774869 4 318 2 316 5 316 3 317 8 318 6 318 7 318 1 300
366 2.8598882932006862 -9.3630580946700714 191.93634880077835 0 0 0 0.17330905534969909 4 320 11 309 2 318 5 320 3 320 8 320 6 320 7 320 10 316 1 302 9 320 12 273
367 9.4716858053540083 -10.168494427586102 208.35966738824428 0 0 0 0.16137614074771886 4 321 2 319 5 321 3 321 8 321 6 321 7 321 1 303 9 321
368 2.7757544044924667 -6.372197137271951 208.21879083946436 0 0 0 0.14999580286743169 4 323 2 321 5 323 3 323 8 323 6 323 7 323 10 319 1 305 9 323
369 4.248880053266145 -3.0512647996604332 108.56066601628376 0 0 0 0.28432556435062073 4 324 2 322 5 324 3 324 8 324 6 324 7 324 1 306
370 -1.9983621299519561 -5.1662388901567722 191.95347359774777 0 0 0 0.17485122031519831 4 326 11 312 2 324 5 325 3 326 8 326 6 326 7 326 10 321 1 308 9 326 12 275
371 5.4054945788874145 -2.4649951480814423 108.61448531671697 0 0 0 0.29992909518950633 4 332 2 330 5 332 3 332 8 332 6 332 7 332 10 327 1 313 9 332 12 281 11 319
372 -3.9564053340199439 -0.92403319775848625 208.10793050867176 0 0 0 0.15350245187019035 4 335 2 334 5 335 3 335 8 336 6 335 7 335 10 330 1 315 9 335
373 -9.9579501600069609 -0.16522572233451205 191.83497630624717 0 0 0 0.18210010765758447 4 337 11 324 2 335 5 337 3 337 8 337 6 337 7 337 10 332 1 317 9 337 12 285
374 -9.9579501600069609 -0.16522572233451205 191.83497630624717 0 0 0 0.18210010765758447 4 338 11 325 2 336 5 338 3 338 8 338 6 338 7 338 10 333 1 318 9 338 12 286
375 -2.2105830000862849 0.16962235090039873 208.32760399625536 0 0 0 0.16362720961029009 4 339 2 337 5 339 3 339 8 339 6 339 7 339 1 319
376 -2.2639432833138571 3.3193604442856675 108.69911823429369 0 0 0 0.33499818465739412 4 347 2 345 5 348 3 348 8 347 6 347 7 347 1 327 9 348
377 -16.713343601184722 5.9550958185998759 191.68856801849989 0 0 0 0.18328889720065111 4 348 11 333 2 347 5 347 3 347 8 349 6 348 7 348 10 342 1 328 9 347 12 294
378 -2.6279477332021211 3.5204729177474086 108.65181341832884 0 0 0 0.30146033642690373 4 351 2 348 5 351 3 351 8 350 6 350 7 351 1 331
379 -8.7705705357182762 6.7528495404762419 208.10972071871606 0 0 0 0.16296846775952159 4 350 2 349 5 350 3 350 8 351 6 351 7 350 1 330
380 -9.437033276291233 7.2398508894516125 208.08814437284636 0 0 0 0.16235445513712735 4 352 2 350 5 352 3 352 8 352 6 352 7 352 1 332
381 -9.437033276291233 7.2398508894516125 208.08814437284636 0 0 0 0.16235445513712735 4 353 2 351 5 353 3 353 8 353 6 353 7 353 1 333
382 -9.9554330910147879 7.9454552038570991 208.01943225622125 0 0 0 0.16301504213143769 4 356 2 355 5 356 3 356 8 357 6 356 7 356 1 336 9 356
383 -5.3738042307781404 5.8175830440473266 108.6553838721577 0 0 0 0.34188845521781319 4 359 2 356 5 359 3 359 8 358 6 358 7 359 1 339 9 359
384 -16.611496015294307 11.162040687037983 207.89248822566881 0 0 0 0.14724423162952457 4 358 2 357 5 358 3 358 8 359 6 359 7 358 1 338 9 358
385 19.671268727333679 11.369664186898008 191.61763806292635 0 0 0 0.1589950768020785 4 360 11 340 2 358 5 360 3 360 8 360 6 360 7 360 10 352 1 340 9 360 12 301
386 -15.378033401422597 12.670768562137379 207.9319809761993 0 0 0 0.14874345639569958 4 361 2 359 5 361 3 361 8 361 6 361 7 361 1 341
387 -6.0517211770872539 6.7091977842014137 108.59590906488356 0 0 0 0.31251543162708201 4 363 2 360 5 363 3 363 8 362 6 362 7 363 1 343
388 -22.84309292598051 11.983280584729133 191.56783179015721 0 0 0 0.18695546165344368 4 364 11 342 2 362 5 364 3 364 8 364 6 364 7 364 10 354 1 344 9 364 12 303
389 -8.6005780717487088 8.9981080999467036 108.63171631689437 0 0 0 0.3404660567672933 4 366 2 364 5 368 3 369 8 366 6 366 7 366 10 356 1 346 9 369
390 16.190061554523243 17.230142892505427 191.57058203313969 0 0 0 0.15787284895773512 4 370 11 348 2 368 5 370 3 370 8 370 6 370 7 370 10 360 1 350 9 370 12 310
391 13.581080954291487 17.395779870190449 191.65754470308283 0 0 0 0.16171942335135556 4 373 11 351 2 371 5 373 3 373 8 373 6 373 7 373 10 363 1 353 9 373 12 313
392 -23.712423866989692 20.084886397516442 208.07381997172675 0 0 0 0.091374476190164658 4 374 2 372 5 374 3 374 8 374 6 374 7 374 10 364 1 354 9 374
393 15.489750445161434 -18.204132873715018 207.75597576962338 0 0 0 0.1828886276127914 4 375 2 373 5 375 3 375 8 375 6 375 7 375 10 365 1 355 9 375
394 15.504470500594991 -18.219853287832013 207.92021817019238 0 0 0 0.1875890066867314 4 376 2 374 5 376 3 376 8 376 6 376 7 376 1 356 9 376
395 10.129289622938666 -16.281200070864195 191.68378959303624 0 0 0 0.1757895417675345 4 377 11 356 2 375 5 377 3 377 8 377 6 377 7 377 10 367 1 357 9 377 12 317
396 -13.562180937565989 -7.2419923619883582 123.89535420816199 0 0 0 0.2406766574650229 4 381 2 379 5 381 3 381 8 381 6 381 7 381 10 371 1 359 9 381
397 -13.562180937565989 -7.2419923619883582 123.89535420816199 0 0 0 0.2406766574650229 4 382 2 380 5 382 3 382 8 382 6 382 7 382 10 372 1 360 9 382
398 2.0156332765021232 -11.111460229420043 191.89252024719758 0 0 0 0.17501836482265345 4 383 11 364 2 381 5 383 3 383 8 383 6 383 7 383 10 373 1 361 9 383 12 322
399 3.4755840030905127 -10.072903729263704 191.92347256931609 0 0 0 0.17341242804175053 4 386 11 367 2 384 5 386 3 386 8 386 6 386 7 386 10 378 1 364 9 386 12 325
400 3.4755840030905127 -10.072903729263704 191.92347256931609 0 0 0 0.17341242804175053 4 387 11 368 2 385 5 387 3 387 8 387 6 387 7 387 10 379 1 365 9 387 12 326
401 4.623905505002603 -3.2156765115696464 108.5458623284774 0 0 0 0.28271972249041094 4 390 2 387 5 390 3 390 8 389 6 389 7 390 1 368
402 2.3612398683993683 -6.2214530375519574 208.21294003080493 0 0 0 0.14990940804279063 4 389 2 388 5 389 3 389 8 390 6 390 7 389 1 367 9 389 10 381
403 -9.3328449070683632 -0.82879539514727552 191.84638779919621 0 0 0 0.18145618643213965 4 393 11 373 2 391 5 393 3 393 8 393 6 393 7 393 10 386 1 372 9 393 12 329
404 -20.527000511109666 5.4485266890182311 171.88285100841355 0 0 0 0.29233040919864911 4 399 11 380 2 397 5 399 3 399 8 399 6 399 7 399 10 392 1 378 9 399
405 -18.770237734319302 5.9156822320306102 171.77882274790676 0 0 0 0.27226078678232707 4 400 11 381 2 398 5 400 3 400 8 400 6 400 7 400 10 395 1 379 9 400 12 335
406 -18.770237734319302 5.9156822320306102 171.77882274790676 0 0 0 0.27226078678232707 4 401 11 382 2 399 5 401 3 401 8 401 6 401 7 401 10 396 1 380 9 401 12 336
407 -15.325616912682658 7.4215466492152204 191.70885697705197 0 0 0 0.1831016940068135 4 402 11 383 2 400 5 402 3 402 8 402 6 402 7 402 10 397 1 381 9 402 12 337
408 -5.3699364377589749 7.3541786923129449 108.5946628399646 0 0 0 0.31187171760789445 4 405 2 403 5 405 3 406 8 405 6 405 7 405 1 384
409 -8.4595409483068789 9.3558351056413915 108.62961867374463 0 0 0 0.34110217533184961 4 407 2 405 5 407 3 407 8 407 6 407 7 407 10 406 1 386 9 407
410 -8.4595409483068789 9.3558351056413915 108.62961867374463 0 0 0 0.34110217533184961 4 408 2 406 5 408 3 408 8 408 6 408 7 408 10 407 1 387 9 408
411 14.865255559566688 18.491296478587444 191.56761037757047 0 0 0 0.15788699521989169 4 413 11 394 2 411 5 413 3 413 8 413 6 413 7 413 10 412 1 392 9 413 12 348
412 -7.6480465661205139 -9.7754240932273166 154.99409161601463 0 0 0 0.40545933936869871 11 397 2 416 5 415 8 415 1 394 12 350
413 -15.411081121208525 7.4908750534794777 191.96678162326418 0 0 0 0.19885351990990704 4 417 11 401 2 419 5 419 3 417 8 419 6 417 7 416 10 415 9 418
416 -2.7738020620864448 -13.154867896007046 154.76737126154632 0 0 0 0.35885738695322078 4 421 2 423 5 422 3 420 8 422 11 409 6 419 7 419 10 417 1 401 9 435 12 357
417 13.473222152323714 -6.912595646504192 123.54766638551352 0 0 0 0.28014279345437398 4 424 2 424 5 423 3 423 6 422 7 422 8 423 9 440 10 428 11 410 12 358
418 13.473222152323716 -6.9125956465041929 123.54766638551355 0 0 0 0.28014279345438031 4 425 2 425 5 424 3 424 6 423 7 423 8 424 10 429 11 411 9 441 12 359
419 -7.5982665336558766 -8.5986321277487026 154.80659082617981 0 0 0 0.34924517057797955 4 422 2 426 5 425 3 421 6 420 7 420 1 402 9 436 8 425 10 422 11 412 12 360
420 -7.5982665336558766 -8.5986321277487026 154.80659082617981 0 0 0 0.34924517057797955 4 423 2 427 5 426 3 422 6 421 7 421 8 426 11 413 10 423 1 403 9 437 12 361
422 15.13662565592305 -3.6805716843122989 137.79698714914139 0 0 0 0.39619682034693765 4 432 2 432 5 433 3 429 8 431 6 428 7 428 10 434 11 420 9 448 12 366
425 -15.373324134297921 5.882006656638838 191.80116164615683 0 0 0 0.19202473373362469 4 434 2 436 5 435 3 433 6 432 8 435 7 432 10 445 11 422 1 411 9 452
427 -1.9330262193320773 3.4933238680493908 109.11922064175975 0 0 0 0.31429076400337486 4 438 2 440 5 439 3 437 6 436 1 414
430 -5.3268959306995738 -2.3855550106413141 42.618049224489631 0 0 0 0.21355529202082663 4 459 1 448
435 4.9290128403636055 -2.8571679418142457 108.50337793531608 0 0 0 0.30069008501877037 4 473 2 491 5 474 3 478
438 18.882694654816095 5.2789131589882858 172.21045524794985 0 0 0 0.23775095443290048 4 492 2 523 5 499 3 504 6 489 8 500 7 497 10 495 1 519 9 511
444 22.696863493844031 18.546669503436789 207.81566587566954 0 0 0 0.24701145248685974 4 526 2 572 11 494 5 528 3 539 8 537 6 520 7 526 10 522 9 540 12 440
445 22.696863493844031 18.546669503436789 207.81566587566954 0 0 0 0.24701145248685974 4 527 2 573 11 495 5 529 3 540 8 538 6 521 7 527 10 523 9 541 12 441
450 -2.7593895147299641 -12.003245126290258 154.99833153765408 0 0 0 0.40193227031607454 11 396 5 414 8 414 2 413 1 393 12 349
451 1.5394596100120967 1.0894995010430026 108.77778454932127 0 0 0 0.32956099419492435 2 418 5 417 3 415 8 417 6 415 1 398
452 -5.3640377570421025 7.3932581309803229 108.83836005429667 0 0 0 0.28915126569237465 2 421 5 420 3 418
453 -6.6720794182286278 -11.646085567924176 137.77814864080332 0 0 0 0.39737146845834148 2 456 5 451 3 445 6 442
455 11.584332295134198 -8.4534488176372342 108.05866406761834 0 0 0 0.31340344190994923 4 309 5 309 3 309 8 309 6 308 7 309 9 309
456 11.947211988350281 -8.4527205626849025 108.20763412591219 0 0 0 0.32571632898799419 4 310 5 310 3 310 8 310 6 309 7 310 10 308 9 310
457 12.197336961777408 -8.9955162084228437 108.15124142106696 0 0 0 0.3259847982999512 4 378 5 378 3 378 8 378 6 378 7 378 10 368 9 378
458 -7.9722227057189681 9.7318184713908824 108.62998079079867 0 0 0 0.34081289271621718 2 409 4 411 5 411 3 411 8 411 6 411 7 411 10 410 1 390 9 411
465 -5.3439847375679728 6.5963415387245643 108.70520121867644 0 0 0 0.26727020273604191 2 443 4 441 3 440 5 442 1 417
468 11.784106558287963 -9.1108014862805096 107.76318147246049 0 0 0 0.26222664863780981 4 454 5 453 3 457 6 451 7 455
469 -13.946611971502564 -6.9139662280390546 124.11105625319317 0 0 0 0.36049991527949388 5 456 3 460 6 453 8 458
475 -8.7691755611198552 9.7910821331377011 108.53366337396594 0 0 0 0.31518821844324407 2 552 4 518 5 518 3 527 1 551
476 -0.90404263651008476 2.6472333587448267 30.178817563971549 0 0 0 1.3595283884833129 5 524 3 537
479 -2.4731778762045007 1.4810517880243006 16.674659107025395 0 0 0 1.488462816453382 4 614 3 586
484 -10.865838370025806 0.45813771958413568 191.68406439996602 0 0 0 0.16872024868499999 5 416 8 416 3 414 10 413 12 352
485 -18.130895711827048 5.4458619938508246 173.18721041899892 0 0 0 0.14235781263226299 3 416 4 416 5 418 8 418 6 416 7 415 10 414 9 417
490 -19.361275819727968 5.4403252088615393 172.037927746934 0 0 0 0.27212831983040842 5 492 8 501 3 497 4 494 6 490 7 490 10 496 1 501 9 504 11 462
491 20.872610753969013 11.619589756964224 191.55657417991915 0 0 0 0.19618000718479744 5 514 8 521 3 523 6 508 7 512 10 514 11 482 9 526
493 7.9693702507970938 15.21708016291538 171.17209308508208 0 0 0 0.24930256941130652 11 491 8 534 6 517 12 437
496 8.7607191653194558 -16.307973727074202 191.53993200179468 0 0 0 0.17191305135701013 4 451 8 452 6 447 2 461 1 434
499 16.919369690145807 0.41473390314580533 154.06417567401061 0 0 0 0.33990575387451194 5 489 8 493 6 487 3 495 4 491 7 488 10 493 9 502
500 0.8226209079888176 1.7755275091422371 28.262627249774287 0 0 0 1.3066490742537096 8 513 6 503
501 -2.1233309872212378 7.5598601946023072 124.35744729442295 0 0 0 0.2621883297680111 2 539 6 504 3 516 7 504
502 13.370239945734799 10.491708079800242 173.10980809965628 0 0 0 0.17556877614717972 4 512 5 512 8 519 6 506 3 521
505 -0.21774564810193778 -0.76136620054039073 20.62165712324607 0 0 0 0.41638174959563951 8 560 6 558
507 15.13662565592305 -3.6805716843122989 137.79698714914139 0 0 0 0.39619682034693765 2 433 4 433 3 430 5 434 6 429 11 421 8 432 7 429 10 435 9 449 12 367
508 -0.48427951922493584 -4.0226929707430426 48.308361270298533 0 0 0 0.44717981673752194 8 540 6 529
510 -9.9100331200415095 -10.424215085612429 123.73797852528416 0 0 0 0.22122867800262583 6 440 11 430 7 442 4 444 10 458 12 372
511 -1.7841538053822408 -4.8237007323013996 57.194033735629084 0 0 0 1.3599543159528162 3 449 8 447
512 -1.5497855507456155 -3.4258076225147622 40.562984118881481 0 0 0 0.1256765230244237 4 449 7 445
514 16.932919034076633 0.42025320688983125 154.33178547899502 0 0 0 0.27003886006376954 3 496 11 461 7 489 9 503
515 -0.038381337912574504 0.66718170448596859 6.9551215046292656 0 0 0 0.61049356417734413 6 518 7 516
516 0.30318498430670987 4.2277904979814762 46.607378365512268 0 0 0 1.0641097549521625 6 515 8 529
517 1.6192349484517878 8.3889563022258873 94.00659558315111 0 0 0 0.41171829661630421 7 523 1 545
519 -1.3534856600994079 1.7023895093471058 22.520576805105399 0 0 0 1.6221216043786262 4 610 7 638
520 -12.344565321380808 -9.2450947649873179 109.62063796660121 0 0 0 0.098107653386887109 7 440 8 443 10 456
521 2.0233799177825658 -3.7104944935113866 43.044010043630607 0 0 0 1.0393014453391403 5 448 10 462
522 18.612804908397958 17.765242113265437 199.18111069681302 0 0 0 0.24352616970769905 4 620 5 658 6 647 8 633 10 558 3 588 7 656
523 18.456870407655728 17.635742035411404 197.69740657156905 0 0 0 0.37881809983847714 4 621 5 659 6 648 7 657 8 634 10 559 3 589 9 601
524 -4.5156261626854546 -2.7090080408099246 31.798208424691396 0 0 0 0.765984378673497 3 446 1 432
525 -13.867429201162299 -6.8641304552266362 123.15741819951393 0 0 0 0.097901686707872623 2 464 4 456 1 437 5 455
526 -1.3347325397157457 3.8762648368543244 43.404336086417594 0 0 0 0.04907621415691401 4 520 1 549
527 6.6687713528268633 0.26404073818011531 124.585838801333 0 0 0 0.31829860457286074 4 415 6 414 7 414 9 415
528 3.0423716352125281 8.3429065793967219 138.40234922576127 0 0 0 0.31735632936319558 4 418 11 404 9 419 2 420
529 -9.9643962293876811 -10.491192632211478 124.44408454487652 0 0 0 0.2439097491325776 5 449 9 462 4 445
530 -0.45322796624778433 -4.0087189535213357 47.063663692082535 0 0 0 0.51720975578951989 7 446 9 465
531 -13.929811317698967 -6.911157639411921 123.97040481862933 0 0 0 0.32138881051355073 7 456 8 457 10 468 9 472 6 452
532 -13.780443466264453 -6.8553791965770747 122.8403147778275 0 0 0 0.12838940380880115 7 457 10 469 9 473
533 0.91403604802103999 2.7165583476637893 30.060833777035356 0 0 0 0.020079346471440884 6 516 7 522
534 -2.9307796681114482 -11.541600121317707 164.42014377731516 0 0 0 0.24338609868576189 7 541 8 550 11 499 9 547 12 451
535 1.0200046763383261 -1.1306287289491488 26.619509736091487 0 0 0 0.81257553018075102 9 559 10 527
536 4.6864915901453736 -5.4905331072996146 65.300496165997799 0 0 0 0.68760547281159312 6 448 12 377
